0099983215
0099999904
0099999997
0100002288
0100021362
0199966430
0199999809
0199999995
0200004577
0299987792
0299997329
0299999713
0299999993
0300002098
0300006866
0399999618
0399999991
0400009155
0499992370
0499999523
0500000007
0500001907
0500030517
0599975585
0599994659
0599999427
0599999986
0600004196
0600013732
0699996948
0699999332
0700000002
0700000524
0700001716
0799999237
0799999982
0800000429
0800018310
0899963378
0899999141
0900000035
0900000333
0900001525
0999984741
0999999046
1000000014
1000000238
1000003814
1099996566
1099998950
1099999994
1100000143
1100001335
1100006103
1199989318
1199998855
1199999973
1200000047
1200008392
1200027465
1299972534
1299991607
1299999952
1300001144
1300010681
1399993896
1399998664
1399999856
1400000005
1400001049
1400003433
1499996185
1499999761
1500000059
1500000953
1500015258
1599998474
1599999666
1599999964
1600000858
1600036621
1699981689
1699999570
1700000017
1700000762
1799998283
1799999475
1800000071
1800000667
1800003051
1899986267
1899995803
1899999976
1900000572
1900005340
1900024414
1999969482
1999998092
2000000029
2000000476
2000007629
2022100600
2022100900
2022100901
2022100902
2022100903
2022100904
2022100905
2022100906
2022100907
2022100908
2022100909
2022100910
2022100911
2022100912
2022100913
2022101000
2099990844
2099999934
2100000381
2199993133
2199997901
2199999988
2200000286
2200002670
2200012207
2299995422
2300000041
2300000190
2300033569
2399978637
2399997711
2399999946
2400000095
2400016784
2599983215
2599999904
2600002288
2600021362
2699966430
2699999809
2700000107
2700004577
2799987792
2799997329
2799999713
2800000011
2800002098
2800006866
2899999618
2899999916
2900009155
2999992370
2999999523
3000000119
3000001907
3000030517
3099975585
3099994659
3099999427
3100000023
3100004196
3100013732
3199996948
3199999332
3199999928
3200000524
3200001716
3299999237
3300000131
3300000429
3300018310
3399963378
3399999141
3400000035
3400000333
3400001525
3499984741
3499999046
3499999940
3500000238
3500003814
3599996566
3599998950
3600000143
3600001335
3600006103
3699989318
3699998855
3700000047
3700008392
3700027465
3799972534
3799991607
3799999952
3800001144
3800010681
3899993896
3899998664
3899999856
3900001049
3900003433
3999938964
3999996185
3999999761
4000000059
4000000953
4000015258
4099998474
4099999666
4099999964
4100000858
4100036621
4199981689
4199999570
4199999868
4200000762
4299998283
4299999475
4300000071
4300000667
4300003051
4399986267
4399995803
4399999976
4400000572
4400005340
4400024414
4499969482
4499998092
4499999880
4500000476
4500007629
4599990844
4600000083
4600000381
4699993133
4699997901
4699999988
4700000286
4700002670
4700012207
4799995422
4799999892
4800000190
4800033569
4899978637
4899997711
4900000095
4900016784
5099983215
5099999904
5100002288
5100021362
5199966430
5199999809
5200004577
5299987792
5299997329
5299999713
5300002098
5300006866
5399999618
5400000214
5400009155
5499992370
5499999523
5500000119
5500001907
5500030517
5599975585
5599994659
5599999427
5600000023
5600004196
5600013732
5699996948
5699999332
5699999928
5700000524
5700001716
5799999237
5799999833
5800000429
5800018310
5899963378
5899999141
5899999737
5900000333
5900001525
5999984741
5999999046
6000000238
6000003814
6099996566
6099998950
6100000143
6100001335
6100006103
6199989318
6199998855
6200000047
6200008392
6200027465
6299972534
6299991607
6299999952
6300001144
6300010681
6399993896
6399998664
6399999856
6400001049
6400003433
6499996185
6499999761
6500000953
6500015258
6599998474
6599999666
6600000262
6600000858
6600036621
6699981689
6699999570
6700000166
6700000762
6799998283
6799999475
6800000071
6800000667
6800003051
6899986267
6899995803
6899999976
6900000572
6900005340
6900024414
6999969482
6999998092
6999999880
7000000476
7000007629
7099990844
7099999785
7100000381
7199993133
7199997901
7200000286
7200002670
7200012207
7299995422
7300000190
7300033569
7399978637
7399997711
7400000095
7400016784
7599983215
7599999904
7600002288
7600021362
7699966430
7699999809
7700004577
7799987792
7799997329
7799999713
7800002098
7800006866
7899999618
7900000214
7900009155
7999992370
7999999523
8000000119
8000001907
8000030517
8099975585
8099994659
8099999427
8100000023
8100004196
8100013732
8199996948
8199999332
8199999928
8200000524
8200001716
8299999237
8299999833
8300000429
8300018310
8399963378
8399999141
8399999737
8400000333
8400001525
8499984741
8499999046
8500000238
8500003814
8599996566
8599998950
8600000143
8600001335
8600006103
8699989318
8699998855
8700000047
8700008392
8700027465
8799972534
8799991607
8799999952
8800001144
8800010681
8899993896
8899998664
8899999856
8900001049
8900003433
8999996185
8999999761
9000000953
9000015258
9099998474
9099999666
9100000262
9100000858
9100036621
9199981689
9199999570
9200000166
9200000762
9299998283
9299999475
9300000071
9300000667
9300003051
9399986267
9399995803
9399999976
9400000572
9400005340
9400024414
9499969482
9499998092
9499999880
9500000476
9500007629
9599990844
9599999785
9600000381
9699993133
9699997901
9700000286
9700002670
9700012207
9799995422
9800000190
9800033569
9899978637
9899997711
9900000095
9900016784
