2022091103,3126
2022091900,1372
2022103001,2165
2022100207,2933
2022092511,2903
2022091112,1994
2022110606,2433
2022102304,3401
2022103001,1415
2022100910,2746
2022102306,1165
2022091107,3669
2022100909,1102
2022100209,1840
2022100205,820
2022101607,3476
2022100202,1369
2022100900,154
2022101604,400
2022101605,2347
2022102308,588
2022102400,3556
2022100300,1178
2022091811,3698
2022092502,2514
2022102302,382
2022100909,4094
2022091100,1260
2022091108,1222
2022102300,2314
2022091109,1198
2022092200,4028
2022102305,240
2022100209,1497
2022092200,3484
2022091106,2450
2022110610,2629
2022092510,3686
2022102304,4033
2022091200,180
2022091103,1171
2022091801,428
2022100600,3914
2022103003,2782
2022101000,2155
2022103000,2319
2022091804,606
2022103000,3381
2022102303,2099
2022100910,309
2022101602,748
2022101601,1359
2022102301,1830
2022103005,685
2022100213,3997
2022100901,2020
2022092505,1347
2022091812,2810
2022100600,111
2022091108,3712
2022100902,3062
2022100209,596
2022100600,3371
2022091901,3735
2022091806,2645
2022102400,513
2022103010,1365
2022100203,242
2022101608,3028
2022101700,2524
2022091800,2482
2022091811,358
2022091810,1470
2022103009,922
2022100211,3184
2022103005,2167
2022110608,3661
2022102304,2389
2022092501,3688
2022091113,200
2022091500,2257
2022102700,2667
2022101608,2134
2022100903,1459
2022102306,2968
2022103009,2012
2022091108,494
2022092508,3360
2022110609,84
2022102307,1626
2022100211,2774
2022091106,835
2022102310,2848
2022102700,710
2022091108,3063
2022103009,3048
2022100904,3434
2022110610,348
2022091200,716
2022091105,2796
2022091900,3302
2022100204,265
2022100909,3507
2022110610,4255
2022110700,464
2022100213,755
2022100213,3554
2022102311,2439
2022100205,4387
2022092505,3581
2022102000,3458
2022101607,1231
2022091108,3438
2022102301,3454
2022102301,320
2022103012,952
2022100909,1483
2022091112,2167
2022091110,3026
2022110603,3274
2022100212,2319
2022100908,1821
2022100205,3693
2022102305,691
2022110608,476
2022100202,1097
2022101610,1514
2022110606,1604
2022091102,218
2022092510,3485
2022103007,2594
2022100903,2798
2022102300,2269
2022102304,2644
2022100908,2392
2022101607,2290
2022091102,1517
2022100912,762
2022091806,863
2022103003,254
2022092512,387
2022100208,3365
2022100211,3241
2022100208,518
2022092503,951
2022091500,2874
2022092509,2626
2022091807,1995
2022091901,327
2022091801,501
2022091101,1213
2022101000,2768
2022102700,3259
2022103011,1155
2022092513,715
2022091804,4086
2022092500,2284
2022100904,331
2022091101,3357
2022103005,326
2022091105,527
2022102308,2665
2022100203,371
2022101300,2103
2022100911,509
2022091803,2021
2022091812,620
2022091808,241
2022100209,2315
2022091112,86
2022092513,1058
2022103001,551
2022091811,1052
2022091102,989
2022102303,3079
2022100907,2315
2022091104,3059
2022102300,3115
2022091808,3360
2022110605,3520
2022103010,3173
2022100902,1344
2022110300,3253
2022100200,3160
2022103008,2973
2022092509,786
2022100908,1180
2022103003,2349
2022102700,996
2022110605,3349
2022103004,307
2022102311,2856
2022091104,3232
2022102700,2314
2022092500,532
2022110607,2557
2022100205,137
2022092501,2940
2022110605,2657
2022091804,3273
2022092502,2538
2022092505,2627
2022102306,595
2022092512,2990
2022092509,2852
2022100906,1409
2022101609,4060
2022092900,2375
2022103006,2842
2022092600,107
2022091800,515
2022100912,1167
2022100207,1726
2022092510,2353
2022102400,1375
2022092512,2397
2022091807,3296
2022103012,292
2022091108,1039
2022102000,3351
2022103100,2707
2022110605,3650
2022091111,430
2022100907,2231
2022091102,2352
2022100905,611
2022103012,525
2022103100,916
2022100205,2377
2022101000,573
2022102400,466
2022102300,3178
2022091200,1704
2022100911,3413
2022091110,1338
2022102700,2849
2022100903,3292
2022091101,3591
2022110609,3081
2022092512,3578
2022091102,1869
2022101700,2425
2022100904,2845
2022091812,2424
2022100600,2970
2022101602,3099
2022110609,2877
2022092507,1988
2022091104,267
2022103010,2612
2022091113,1689
2022101609,558
2022101606,213
2022091801,292
2022102300,1041
2022092507,1384
2022100212,65
2022103008,3482
2022092900,2896
2022103002,4079
2022100908,2968
2022102700,3296
2022091812,1302
2022091101,1945
2022092506,821
2022101000,471
2022103001,414
2022092501,2742
2022100204,2762
2022100201,3188
2022102300,244
2022102300,2018
2022102308,233
2022092509,1737
2022100213,1377
2022100910,2791
2022102310,2369
2022103011,3657
2022092200,3242
2022100600,4553
2022101611,989
2022103003,2758
2022091107,1099
2022100902,1100
2022110605,655
2022091100,1170
2022091810,1884
2022101602,3289
2022101300,1905
2022092508,2430
2022103005,1823
2022101601,2166
2022091804,4266
2022110602,2928
2022092600,3855
2022102700,473
2022100910,1492
2022090800,3304
2022101604,1243
2022110600,796
2022100210,1018
2022102301,1061
2022100202,3462
2022091800,1688
2022100204,1321
2022101000,1646
2022102301,2725
2022091804,985
2022092510,3874
2022091102,3652
2022091102,800
2022103001,596
2022091110,823
2022101602,3123
2022103006,1504
2022101601,385
2022110602,3760
2022102301,2789
2022091109,2909
2022110605,783
2022103100,1580
2022110600,2379
2022100209,1360
2022091802,345
2022091803,3289
2022091800,692
2022091807,3518
2022100210,2296
2022101603,1323
2022102000,3372
2022101700,1205
2022102311,355
2022102000,1104
2022110610,737
2022103000,2511
2022100906,1388
2022100201,2299
2022110606,704
2022103001,2554
2022091108,515
2022103004,3051
2022101609,2450
2022100203,284
2022110610,2959
2022100903,2332
2022092600,128
2022101605,3141
2022092900,2396
2022092506,3971
2022092900,1540
2022100202,1894
2022091805,975
2022091800,724
2022100909,846
2022091901,2685
2022103006,2021
2022100910,2303
2022100903,1249
2022102308,881
2022100201,2346
2022100200,2800
2022102000,2748
2022100211,1040
2022100212,594
2022100903,1746
2022102000,983
2022092600,2137
2022103009,671
2022102302,1337
2022091109,957
2022091800,1621
2022103003,96
2022101000,1022
2022110607,1491
2022091105,3911
2022110604,407
2022103002,1680
2022110604,3494
2022101700,1184
2022100208,3250
2022102307,1676
2022092600,1183
2022110603,1217
2022100210,441
2022103002,1727
2022102309,2041
2022091109,4155
2022092501,3874
2022103004,604
2022091810,3154
2022091102,3739
2022102308,3025
2022103009,2317
2022102304,1889
2022100913,1295
2022091104,1847
2022101300,2863
2022100209,2259
2022102309,2389
2022110610,3912
2022101700,3694
2022103001,4332
2022110601,2063
2022103100,1329
2022091110,1515
2022092512,944
2022091102,1029
2022100900,2775
2022091810,1631
2022100205,2793
2022100201,952
2022100903,2469
2022091105,2587
2022103003,3393
2022102307,1906
2022110601,2759
2022100201,2969
2022110601,3266
2022092200,2785
2022110600,1233
2022102307,3811
2022091900,760
2022100909,1216
2022102306,2415
2022100213,1760
2022100600,4121
2022091107,2092
2022092508,580
2022100207,944
2022091103,2058
2022103007,1395
2022092510,3077
2022100210,3679
2022091804,280
2022100907,2189
2022110610,3593
2022102311,2530
2022102311,976
2022091102,1954
2022101605,147
2022091108,676
2022101608,1394
2022100903,1435
2022103010,3261
2022100905,167
2022102300,3326
2022103011,113
2022091100,121
2022102000,1004
2022091811,2348
2022100907,895
2022103012,504
2022100904,2920
2022100202,1009
2022103011,1131
2022110603,3477
2022101607,295
2022102306,4072
2022100910,1714
2022101609,3321
2022103002,3614
2022102300,1020
2022092600,2116
2022102308,950
2022103005,472
2022092513,3257
2022110609,2551
2022101600,2984
2022100211,2057
2022100902,540
2022101300,3350
2022092513,65
2022092512,292
2022091500,1431
2022101607,1564
2022101601,1085
2022091110,2744
2022110605,634
2022101603,503
2022102307,3561
2022110603,2717
2022091105,3524
2022103005,3379
2022103002,544
2022091900,3980
2022100200,1842
2022100909,3121
2022110609,879
2022103000,3661
2022101000,2281
2022100200,294
2022091106,883
2022103002,843
2022101611,2686
2022110604,354
2022091101,1785
2022101610,2955
2022103005,3358
2022102400,2643
2022092501,1914
2022103009,3360
2022092504,422
2022092502,3467
2022110606,2533
2022102305,2299
2022101611,1508
2022100205,2554
2022110605,1572
2022100600,854
2022101600,240
2022103011,949
2022101606,3606
2022102308,3492
2022110602,2279
2022102300,1933
2022092502,3024
2022102305,2916
2022102700,1024
2022102310,2655
2022100204,3001
2022092200,1456
2022110610,3889
2022091806,3707
2022092200,1052
2022101609,1311
2022091100,1651
2022091810,2560
2022091810,1338
2022092505,723
2022091105,3503
2022091113,1339
2022103009,3253
2022100209,3122
2022091103,1700
2022103009,1412
2022103005,1764
2022110603,3064
2022100600,1422
2022102304,515
2022100209,3633
2022101608,3106
2022103005,3883
2022091105,2100
2022092513,2630
2022102306,193
2022101604,1739
2022103001,2575
2022091107,1803
2022100906,3887
2022100206,3902
2022100901,1893
2022100906,4239
2022100907,1181
2022102309,2920
2022101603,900
2022092510,1791
2022100901,1438
2022101609,1153
2022092900,57
2022100207,3003
2022091102,268
2022091101,109
2022100204,3138
2022102304,3698
2022103005,2234
2022091808,544
2022103002,4121
2022100904,2131
2022091804,2157
2022101606,1017
2022100906,3842
2022091810,3256
2022091806,512
2022100200,229
2022100904,667
2022090800,2648
2022102700,97
2022091103,2532
2022091804,450
2022103100,2140
2022102305,456
2022100910,3301
2022101000,969
2022092505,2293
2022091901,3648
2022100201,895
2022092200,3030
2022091802,1756
2022101603,641
2022101609,62
2022103010,2760
2022092200,2083
2022110700,1606
2022091112,991
2022100202,3893
2022103001,4282
2022092503,3246
2022092506,4060
2022102309,4216
2022091107,3551
2022100900,1697
2022100205,4464
2022103007,1656
2022100300,1631
2022100904,2624
2022102307,739
2022101609,3202
2022091107,959
2022091108,1196
2022091111,3319
2022091101,620
2022102304,327
2022101300,2887
2022100203,868
2022110610,3617
2022100906,2681
2022100912,2307
2022100908,1322
2022091101,3615
2022091811,2631
2022092511,1670
2022091801,3271
2022100213,3484
2022102306,132
2022091804,1314
2022100212,2973
2022110600,1082
2022092507,676
2022100905,1647
2022110603,967
2022103004,2106
2022110608,1382
2022102309,2816
2022101608,1415
2022102303,172
2022092505,2843
2022110610,2999
2022102303,2943
2022091113,510
2022103000,1467
2022100300,470
2022100908,3614
2022110608,2351
2022092600,3691
2022102000,3726
2022100908,3474
2022110609,1113
2022091104,999
2022102308,3165
2022091108,1440
2022100201,3317
2022092507,2093
2022092200,2924
2022101606,2834
2022100912,2885
2022102700,2377
2022091806,2390
2022101604,421
2022102311,2742
2022101600,664
2022110607,875
2022103007,3771
2022100911,2513
2022091802,2064
2022110609,925
2022091100,1434
2022103002,3867
2022091200,983
2022092508,720
2022110602,2949
2022101610,3064
2022100205,893
2022100600,1545
2022100906,2267
2022100906,4298
2022100900,615
2022100913,3840
2022110602,3513
2022100902,1477
2022092200,2537
2022100902,3966
2022092511,3356
2022101609,606
2022103007,546
2022092507,2832
2022101700,2590
2022101610,290
2022102308,1559
2022103005,3183
2022091200,2883
2022100206,3183
2022092506,1434
2022092508,1901
2022091803,2898
2022110604,1328
2022100909,3012
2022110601,514
2022100206,877
2022103000,3085
2022101608,902
2022100204,1151
2022100912,3072
2022092501,1517
2022092507,241
2022101608,815
2022092513,386
2022101604,3296
2022110300,1738
2022101610,3165
2022100913,633
2022100205,3292
2022100208,1929
2022091108,3502
2022103004,1525
2022092505,3252
2022092512,2887
2022100902,3687
2022101603,3220
2022101611,1108
2022103002,916
2022110605,1030
2022100201,2555
2022100904,3105
2022091812,1401
2022100212,2278
2022100902,969
2022091804,475
2022091901,904
2022091812,3298
2022091807,3022
2022100901,1231
2022103010,193
2022110601,2039
2022110610,1341
2022091108,1995
2022110608,339
2022091810,3400
2022100212,2586
2022091901,766
2022101606,2945
2022102306,2338
2022091901,2790
2022101607,4052
2022101611,3905
2022091811,3558
2022092600,1604
2022100912,188
2022102302,3105
2022103006,1483
2022091104,4292
2022102303,2618
2022100202,57
2022103005,2258
2022092507,1114
2022091101,2051
2022100900,3400
2022103002,2663
2022100203,1023
2022100903,3054
2022092200,240
2022092506,2998
2022092900,251
2022091900,2046
2022110604,3082
2022092503,890
2022102307,694
2022110300,2458
2022110609,3998
2022101603,1769
2022091100,2809
2022091812,2299
2022110600,273
2022100203,2786
2022103005,3204
2022101608,836
2022091802,2585
2022091107,2385
2022091802,796
2022092511,1413
2022101603,800
2022102306,3352
2022102305,1350
2022110609,722
2022102303,2198
2022110603,585
2022103011,1062
2022102700,3632
2022110300,1430
2022091809,3224
2022091112,1946
2022100213,1430
2022100912,2558
2022091112,1144
2022100902,290
2022102310,1705
2022101604,886
2022101604,723
2022091809,3698
2022102400,781
2022091113,3211
2022110605,2214
2022101605,3239
2022100202,593
2022091100,3379
2022110700,3787
2022091103,4462
2022103004,828
2022103100,2570
2022100209,1248
2022102302,244
2022102000,1454
2022100300,3041
2022092509,2915
2022092506,1332
2022100211,3412
2022091800,2235
2022103008,3857
2022102310,767
2022100600,157
2022100908,3029
2022103000,2340
2022110610,170
2022100912,1278
2022100913,808
2022092509,1169
2022092900,2275
2022100204,1767
2022101604,619
2022091808,1173
2022092513,110
2022091812,3068
2022110609,1410
2022100905,721
2022100907,3154
2022102311,1199
2022100211,3889
2022100910,3348
2022091805,486
2022101608,1011
2022103000,1554
2022100900,1534
2022091805,2361
2022091801,645
2022103001,2222
2022110700,2240
2022091111,1706
2022091803,2300
2022103006,56
2022091805,1811
2022102307,2402
2022110608,2793
2022092511,1514
2022110609,4104
2022091804,1349
2022090800,2072
2022110606,2140
2022092509,1393
2022101611,700
2022091113,2262
2022092504,1744
2022092509,2739
2022102311,2579
2022101601,1040
2022101600,690
2022091800,317
2022100911,991
2022100203,1802
2022102700,1269
2022100907,3783
2022102303,3598
2022092900,1416
2022091112,3128
2022110700,167
2022091110,76
2022103007,2519
2022101610,779
2022092507,2017
2022091102,86
2022100211,1244
2022100209,3445
2022101602,1749
2022103008,420
2022100300,1484
2022091109,2726
2022091111,1546
2022101605,1677
2022103004,444
2022091901,1482
2022102300,2171
2022091811,141
2022103001,1906
2022100200,1484
2022100901,2727
2022110606,3017
2022101600,3391
2022092508,3309
2022103000,2932
2022092600,3953
2022091900,3466
2022102305,119
2022103009,3559
2022100909,3054
2022100600,3211
2022101603,3720
2022103002,2139
2022110602,3603
2022102307,1880
2022100208,1348
2022102304,1359
2022091900,3168
2022100203,263
2022100208,3184
2022100910,1056
2022101608,2214
2022102310,2585
2022100202,3342
2022102307,2822
2022101611,3372
2022102311,3630
2022101611,2203
2022091811,3777
2022110608,1687
2022091109,3116
2022101604,319
2022110700,443
2022110609,2806
2022110600,2183
2022102400,699
2022100210,2667
2022103005,4253
2022101601,1576
2022103002,3839
2022102304,1837
2022100913,368
2022102301,1195
2022100209,809
2022100907,2567
2022103011,2790
2022091810,955
2022100300,251
2022092511,2793
2022100202,453
2022103011,2344
2022100202,3690
2022092508,1829
2022102302,2100
2022102307,3241
2022092500,1046
2022091103,2222
2022102311,535
2022100909,3361
2022103000,3149
2022102400,3255
2022102305,359
2022102311,2999
2022091806,2690
2022091104,3122
2022110602,1993
2022100907,1587
2022101610,2987
2022091109,2083
2022102400,3698
2022100903,529
2022101606,3371
2022110700,3707
2022101606,3350
2022100902,2725
2022091900,3529
2022091802,3488
2022100904,781
2022091800,3803
2022091807,2417
2022103000,1533
2022091106,2605
2022100900,3617
2022103001,3755
2022100209,1146
2022100300,3220
2022091811,2327
2022092504,494
2022102308,276
2022101600,2741
2022091812,1234
2022100908,3288
2022110607,1016
2022103008,606
2022102306,2275
2022091500,2951
2022110610,3204
2022092502,688
2022091107,412
2022110602,2594
2022103009,650
2022102304,3068
2022101600,3015
2022092503,1696
2022100913,2989
2022092500,3763
2022090800,867
2022091113,1436
2022103009,2170
2022100907,2966
2022110700,1556
2022100600,3938
2022103005,2933
2022092508,646
2022100203,2237
2022103003,2542
2022091107,1994
2022103003,1630
2022102310,3487
2022101609,1332
2022101604,3807
2022092503,1225
2022102311,3663
2022092509,2216
2022091900,3896
2022100600,4661
2022103007,986
2022101600,965
2022102304,944
2022092900,2945
2022101611,2036
2022091102,3502
2022100300,1942
2022091113,902
2022103010,449
2022100902,1498
2022102310,1915
2022100205,1814
2022092900,2469
2022091500,3329
2022091811,434
2022091200,643
2022101603,2901
2022102302,3034
2022100202,1792
2022091810,4009
2022110700,670
2022100912,1732
2022092502,1682
2022110600,1553
2022103009,441
2022091802,3624
2022091901,1225
2022103001,3063
2022103003,2676
2022091111,1525
2022092511,2235
2022100202,3645
2022101609,2256
2022110605,982
2022103011,1105
2022100903,78
2022092509,3274
2022091200,3125
2022091806,3567
2022100204,512
2022092511,397
2022091104,889
2022091108,3297
2022101000,702
2022100202,3292
2022091101,3242
2022091811,3190
2022091108,1132
2022100205,256
2022091101,213
2022100909,1537
2022091200,1433
2022100600,1048
2022091804,197
2022091104,2468
2022103001,1486
2022091103,1315
2022110608,2635
2022091807,1083
2022100203,530
2022101607,1943
2022100909,2711
2022102304,1145
2022091111,2065
2022092200,534
2022092502,1890
2022092513,1964
2022110606,2941
2022101610,1862
2022110604,2094
2022091802,1456
2022103012,2975
2022091111,2522
2022103004,2532
2022102310,1552
2022091103,1363
2022091805,415
2022102307,180
2022092506,474
2022100904,1369
2022110609,1431
2022103011,1526
2022100211,2036
2022100903,457
2022103003,2901
2022100210,2576
2022091812,2879
2022102307,3458
2022101600,493
2022110601,718
2022110603,2304
2022091901,835
2022110610,2374
2022100204,2028
2022100913,196
2022092505,214
2022100913,3128
2022091100,2048
2022100912,230
2022110608,2814
2022103006,732
2022100200,3504
2022100208,2383
2022103002,1099
2022100900,2245
2022091800,645
2022091900,1774
2022092900,1010
2022103005,4176
2022100203,3638
2022100203,2873
2022100906,3724
2022092513,3589
2022091105,503
2022103000,679
2022101000,2866
2022102400,2082
2022091804,2214
2022110608,1141
2022100910,600
2022100210,4087
2022091801,2790
2022100200,2681
2022091901,591
2022100213,1451
2022102310,434
2022102305,2543
2022101604,1285
2022092900,968
2022091112,2093
2022100906,3301
2022091112,227
2022110605,2942
2022110601,451
2022091104,1634
2022091811,1130
2022103002,2249
2022100203,3854
2022101600,2580
2022102307,2688
2022092513,1991
2022091808,2399
2022091105,912
2022110601,1713
2022091103,2483
2022103004,1051
2022091107,1696
2022091900,3851
2022101608,175
2022091109,2635
2022103003,2922
2022100202,158
2022091100,2640
2022101610,807
2022091110,2810
2022091804,2966
2022101602,2681
2022091110,460
2022092600,2413
2022102303,2451
2022103004,138
2022101700,286
2022091107,1841
2022103008,78
2022102308,83
2022091800,2581
2022100904,2247
2022091113,246
2022091103,520
2022091107,330
2022102301,2696
2022091806,2414
2022110608,592
2022102000,591
2022100902,3914
2022091100,1088
2022100209,1203
2022110700,950
2022091802,295
2022102310,4020
2022103002,3065
2022103011,3124
2022102306,2593
2022092513,1413
2022100908,2534
2022100906,891
2022100907,417
2022100210,3022
2022100900,875
2022102303,545
2022091101,2629
2022100913,922
2022100200,3776
2022091104,3899
2022092506,305
2022091810,1536
2022100600,1375
2022090800,1946
2022092506,1986
2022100300,3793
2022101611,2736
2022101000,495
2022110700,3195
2022091103,111
2022102302,583
2022091807,2727
2022091811,4321
2022100905,193
2022101607,2356
2022102303,503
2022092200,3858
2022110604,3364
2022091103,2201
2022092501,3570
2022092509,3667
2022100205,1285
2022103100,140
2022091103,4789
2022092506,1116
2022110607,3671
2022092511,2136
2022102303,2174
2022091901,237
2022103000,729
2022091104,3596
2022092511,1752
2022103007,1199
2022091901,2491
2022091809,2968
2022100210,588
2022102308,3141
2022102309,3456
2022091806,2013
2022102307,3101
2022100205,2335
2022110603,1552
2022092507,3561
2022110602,1917
2022090800,1406
2022091500,1258
2022091104,1020
2022091100,1769
2022091812,1624
2022102300,1634
2022102302,1152
2022103007,1921
2022110605,3054
2022091803,3125
2022100207,1437
2022090800,980
2022092505,399
2022091500,2415
2022110300,2077
2022091900,69
2022101611,2941
2022102307,2434
2022100207,368
2022092513,1460
2022103008,954
2022102309,3929
2022103008,720
2022102307,1266
2022110603,1064
2022092513,1855
2022100300,3073
2022110603,229
2022101300,2680
2022100300,59
2022103006,2183
2022100908,2213
2022101607,402
2022091900,463
2022100906,3002
2022103100,2890
2022103008,4004
2022091810,2830
2022103001,2325
2022101604,1070
2022103002,3898
2022100900,331
2022102000,3803
2022092900,1254
2022103010,2553
2022100902,2308
2022092600,1713
2022101700,3485
2022103100,119
2022110602,3492
2022103000,1578
2022091104,4176
2022101608,2889
2022091802,1732
2022100900,2912
2022092509,3316
2022091808,3402
2022091104,4025
2022103012,3635
2022103004,352
2022100903,2710
2022101608,454
2022102302,2561
2022110607,2259
2022103005,4200
2022100205,1756
2022091113,2696
2022101601,203
2022100909,2462
2022100912,1519
2022100201,3658
2022091806,3051
2022102308,1423
2022110603,1603
2022103008,306
2022100205,1700
2022103002,1839
2022091807,212
2022101610,1708
2022091102,343
2022091804,2276
2022100906,210
2022100901,2931
2022100202,2965
2022103012,2252
2022100213,165
2022103100,2997
2022101609,3557
2022101600,1669
2022092506,2920
2022102310,2154
2022091101,2407
2022103007,1427
2022100200,1463
2022101607,581
2022091101,2930
2022103009,390
2022091812,1819
2022092512,3811
2022102700,1325
2022110610,1795
2022091109,3909
2022100912,2733
2022100903,1292
2022101300,2655
2022092500,1095
2022092502,3614
2022100213,4153
2022091105,273
2022103003,1342
2022110608,3012
2022100902,1210
2022101000,2326
2022110602,1610
2022091108,1354
2022100211,3472
2022102311,905
2022092600,2095
2022110600,894
2022091803,972
2022102305,2734
2022103100,1216
2022102000,1707
2022092502,643
2022100600,931
2022102307,1309
2022103002,3465
2022091800,745
2022100912,1960
2022100900,1228
2022092512,2522
2022102311,1627
2022100205,3379
2022101610,2921
2022092505,1930
2022101601,2016
2022101000,311
2022091101,3125
2022100903,2627
2022091807,191
2022092506,3567
2022100208,1242
2022100203,2928
2022100203,740
2022092511,656
2022110603,1312
2022101300,2202
2022092508,4122
2022103007,355
2022091803,2769
2022101601,979
2022102308,450
2022100212,1440
2022103011,626
2022092503,2807
2022092508,2544
2022110602,2993
2022092502,2734
2022101606,895
2022101607,3247
2022102311,857
2022100213,392
2022100204,3062
2022091812,663
2022100209,2631
2022101603,1127
2022100908,1842
2022103000,86
2022090800,80
2022091112,1382
2022091112,2428
2022100907,747
2022091101,3862
2022103009,1045
2022091900,1172
2022100209,2431
2022091112,2569
2022103000,3360
2022101601,271
2022092507,2640
2022101600,2384
2022091900,3598
2022092508,1602
2022100910,1106
2022103006,3733
2022110610,2718
2022092509,341
2022091109,462
2022091109,2558
2022101609,2659
2022092511,2591
2022091103,1249
2022091113,2030
2022091809,2235
2022100212,1351
2022091500,3626
2022091803,2437
2022091806,3490
2022091812,1687
2022103000,2792
2022091102,1588
2022110603,1624
2022100201,2210
2022100600,4682
2022100201,1432
2022103012,1961
2022100906,2784
2022101603,3601
2022103005,1477
2022101600,1462
2022091802,3603
2022101700,4266
2022091113,2222
2022100902,653
2022100912,597
2022101607,2431
2022100210,2338
2022102310,1755
2022100904,1313
2022103007,752
2022100905,3209
2022102309,1490
2022103000,1888
2022100600,276
2022110603,944
2022102300,2039
2022103007,3046
2022103012,1018
2022101602,3602
2022091812,2969
2022101603,2749
2022092505,702
2022101700,2316
2022102311,3316
2022091110,3378
2022092512,1299
2022092505,3539
2022091808,631
2022110601,196
2022100209,2869
2022103004,2631
2022092507,1935
2022100210,488
2022100203,2842
2022100300,227
2022102303,282
2022103007,400
2022101300,526
2022091500,1279
2022101610,227
2022100909,2969
2022091107,490
2022101603,3772
2022091103,743
2022110610,4220
2022101606,3392
2022101601,777
2022091800,3158
2022110607,1100
2022100210,4013
2022110608,2105
2022103009,1848
2022092500,2539
2022110609,829
2022091805,580
2022110606,590
2022091901,3599
2022101000,789
2022091108,3132
2022092513,3793
2022091109,3840
2022102308,3186
2022100300,2170
2022100909,1176
2022092503,621
2022110700,2182
2022100201,3434
2022100910,1415
2022100208,309
2022100909,940
2022102400,932
2022092600,3003
2022091812,2706
2022091901,173
2022091805,3022
2022100901,3538
2022091109,2614
2022101603,3074
2022110610,2560
2022110608,843
2022100210,3129
2022103005,3054
2022091803,1324
2022102303,2043
2022103004,2691
2022100204,165
2022091104,3172
2022100909,1743
2022091100,1552
2022101600,1330
2022102311,2131
2022091803,2874
2022101000,2227
2022091101,3378
2022091808,3216
2022103004,3224
2022091803,857
2022103009,1508
2022101604,252
2022092502,3443
2022100209,3053
2022103006,396
2022092600,662
2022092900,1728
2022092513,864
2022103100,1150
2022100909,3316
2022091806,3419
2022101000,545
2022100600,4508
2022091803,1345
2022110603,3002
2022103010,172
2022092502,2867
2022091810,1298
2022091105,2196
2022100210,799
2022100210,77
2022091108,2636
2022102000,4015
2022110606,1459
2022091100,57
2022110604,2218
2022110700,3299
2022092900,639
2022092504,3660
2022102307,326
2022102304,3378
2022091110,1092
2022101600,2810
2022091111,2946
2022091110,379
2022092505,2943
2022100910,1867
2022100200,1252
2022100907,1629
2022092502,3510
2022101606,477
2022092502,1280
2022101610,654
2022110610,2137
2022110600,3197
2022101700,3415
2022102304,3113
2022101300,720
2022102300,876
2022092502,161
2022102400,2866
2022091803,1527
2022091105,1456
2022100203,1443
2022092900,1233
2022103003,56
2022102310,214
2022110603,875
2022103006,2440
2022091801,2635
2022091801,2296
2022100208,870
2022091500,3011
2022110607,227
2022092512,1396
2022101700,1510
2022100905,1299
2022102311,1469
2022102311,427
2022101600,2078
2022101605,1360
2022100906,717
2022092503,2491
2022101700,3256
2022100211,124
2022110608,3372
2022103005,4232
2022091107,115
2022091807,1217
2022100204,3974
2022101608,3251
2022103000,301
2022092502,1070
2022100205,3503
2022110603,510
2022091500,1410
2022110605,3766
2022100204,144
2022103000,4058
2022092510,79
2022110603,3439
2022092504,244
2022100205,1468
2022100900,1019
2022101609,3851
2022100211,1104
2022110605,2874
2022101605,1542
2022102307,2309
2022091807,3317
2022100910,2153
2022110607,2238
2022102307,583
2022091807,369
2022092502,3683
2022100201,3578
2022092513,2479
2022100205,1133
2022092511,1564
2022100200,3260
2022102303,1153
2022103009,2541
2022110610,591
2022100209,1868
2022100908,3262
2022101602,212
2022102300,1859
2022100213,3913
2022100206,383
2022101607,3390
2022110608,3827
2022092510,3210
2022091812,200
2022092505,2493
2022103002,801
2022102304,2410
2022091101,1192
2022110605,1721
2022101610,2578
2022092508,1390
2022101300,456
2022100912,1080
2022091810,2605
2022103002,1706
2022110700,403
2022103001,1549
2022100913,2516
2022100211,2751
2022101000,812
2022103100,417
2022102301,3433
2022101000,2100
2022092503,1405
2022101602,2275
2022091808,2861
2022091102,467
2022092511,2181
2022102303,1121
2022100210,841
2022091200,3491
2022102307,3075
2022091804,2847
2022092513,1769
2022100201,1998
2022100901,3221
2022110700,546
2022100903,775
2022092513,1655
2022101610,3772
2022100904,3506
2022090800,933
2022110601,304
2022091802,1034
2022100908,2277
2022091811,571
2022102305,2652
2022100910,896
2022102000,246
2022092511,2994
2022090800,2137
2022092200,1398
2022102311,2702
2022100911,1158
2022100906,2058
2022103001,3783
2022101609,2158
2022091104,1826
2022092508,1334
2022091806,811
2022100904,182
2022092504,134
2022100300,3906
2022100904,1411
2022092500,1127
2022103007,3750
2022091104,910
2022100911,1055
2022110700,971
2022092507,2067
2022110700,2944
2022100210,2441
2022102305,1906
2022101609,736
2022103012,413
2022100902,3292
2022101600,132
2022110610,2875
2022101609,2301
2022103002,3593
2022092500,3320
2022101700,3131
2022100900,3183
2022103008,2242
2022103001,3018
2022100908,3894
2022110601,1294
2022091812,3326
2022101608,3369
2022103012,168
2022092600,3904
2022101603,1851
2022110603,3385
2022100205,1570
2022092503,3178
2022101600,2896
2022103007,2190
2022102309,4082
2022091100,145
2022091806,367
2022092507,2731
2022103006,2912
2022101700,3235
2022110300,2580
2022092513,2900
2022092504,1451
2022100204,3468
2022100211,4057
2022092502,2358
2022103100,598
2022091110,994
2022091102,1726
2022100204,3428
2022091100,395
2022092505,2648
2022102308,748
2022110610,4303
2022110607,2288
2022100906,235
2022091804,3180
2022102309,2591
2022092504,2423
2022091103,2462
2022091804,699
2022110601,1344
2022092505,370
2022110300,883
2022100212,1986
2022100902,3594
2022091103,1514
2022110600,633
2022110602,946
2022092509,1964
2022091806,1491
2022103007,2701
2022092600,794
2022091102,4019
2022100908,2989
2022091809,795
2022101602,3549
2022100907,3190
2022100207,3048
2022090800,146
2022091105,889
2022110300,221
2022091109,3752
2022100207,56
2022110610,3836
2022103009,780
2022091109,1544
2022101605,3696
2022092503,1037
2022103001,2890
2022091809,496
2022102300,191
2022091104,2995
2022091801,2067
2022092501,507
2022100202,881
2022100209,1539
2022110605,1863
2022100912,2671
2022102301,1937
2022092503,3079
2022092900,3095
2022103010,2093
2022110610,2395
2022103007,2844
2022091805,3072
2022092506,1917
2022102309,934
2022100906,3351
2022091109,2803
2022103000,837
2022101700,1064
2022091111,1286
2022100204,313
2022100200,2657
2022102303,3230
2022100212,1275
2022103012,2278
2022100208,775
2022102305,2755
2022091900,2781
2022100208,930
2022091107,3835
2022102309,3411
2022092600,2752
2022100901,837
2022091105,865
2022102309,3531
2022103001,1052
2022090800,2464
2022102306,3447
2022103100,744
2022110609,2572
2022091810,550
2022100208,699
2022100200,179
2022100908,1097
2022102302,1437
2022091100,914
2022100213,416
2022100210,3631
2022100211,445
2022091112,1700
2022102400,3140
2022092900,1627
2022103010,2270
2022103008,1941
2022092509,386
2022101604,181
2022091102,1493
2022103006,3149
2022101607,3119
2022100911,61
2022101606,2695
2022100913,1552
2022091100,501
2022102309,4288
2022102307,2005
2022100204,1860
2022101606,145
2022100203,3924
2022091808,2262
2022102311,836
2022091107,1399
2022102308,2686
2022110609,445
2022092513,2527
2022101608,294
2022103008,2689
2022100911,2729
2022102311,997
2022092504,3952
2022100910,3666
2022100600,831
2022103007,2618
2022092511,76
2022092500,3631
2022092512,1897
2022100209,1518
2022101609,1432
2022092505,566
2022091101,2951
2022100200,959
2022103009,576
2022091811,4076
2022101600,444
2022100900,3236
2022091103,1926
2022091105,2021
2022100912,2379
2022092508,3686
2022102300,2644
2022100207,1851
2022100903,348
2022100212,821
2022103002,1456
2022091808,122
2022092503,1133
2022092510,2723
2022103000,3682
2022103008,767
2022101611,296
2022110609,3947
2022100900,2796
2022101607,633
2022102306,3876
2022092513,3504
2022102300,2691
2022101600,1048
2022100907,1566
2022110607,737
2022091805,3355
2022103004,2664
2022103010,2660
2022101609,3923
2022101601,691
2022102302,481
2022102304,3570
2022110601,955
2022092500,355
2022091109,863
2022102400,3006
2022092505,3416
2022091803,2395
2022100906,2324
2022110600,2682
2022100300,1526
2022092502,3302
2022110600,1370
2022091500,996
2022092508,3981
2022102000,3319
2022100902,4076
2022100900,310
2022091808,2199
2022092511,1289
2022100208,330
2022092900,3458
2022100210,664
2022100211,2544
2022091808,1148
2022090800,1736
2022091901,2635
2022110606,2629
2022100907,1115
2022091110,3140
2022092510,945
2022100208,1544
2022091108,2527
2022100203,3346
2022091103,2336
2022100203,622
2022103010,3282
2022091811,1649
2022091806,2211
2022100201,831
2022102000,1920
2022100911,2054
2022091800,1427
2022100208,3063
2022101610,3430
2022100208,256
2022100909,2412
2022110608,3100
2022100212,1159
2022091105,1518
2022100203,551
2022100905,907
2022102400,2845
2022091107,1879
2022092509,1241
2022110605,3033
2022092600,3027
2022100907,3032
2022091100,2741
2022100907,2397
2022102305,3235
2022102308,2140
2022101300,2129
2022091500,142
2022110605,1446
2022091800,1188
2022103007,1459
2022103005,4309
2022100912,1193
2022091113,1318
2022091807,101
2022101300,249
2022103100,1058
2022091100,1191
2022103007,729
2022110610,3572
2022102300,3376
2022101000,3980
2022110603,2395
2022110604,1109
2022100207,2151
2022101606,789
2022101607,2842
2022100902,1025
2022100206,2111
2022092600,3925
2022110608,4034
2022091807,533
2022100909,449
2022102306,1665
2022101605,1796
2022110600,1341
2022103004,117
2022091900,3938
2022090800,3262
2022100902,3038
2022101300,1326
2022091200,2851
2022100913,2325
2022101603,224
2022100204,3540
2022110604,1425
2022110300,1361
2022100208,796
2022100208,1874
2022091106,2090
2022110605,522
2022100907,2511
2022100911,2939
2022101601,2501
2022100207,1380
2022092900,3579
2022100210,245
2022091807,462
2022100203,2997
2022101602,2861
2022100209,222
2022102306,616
2022091112,2640
2022110601,630
2022102307,3426
2022091802,3419
2022102311,3500
2022091200,2093
2022100201,1197
2022110609,1000
2022103008,3980
2022091808,607
2022100213,3624
2022100202,546
2022100600,2469
2022091109,539
2022092504,2281
2022091108,994
2022091103,58
2022110605,2267
2022101700,318
2022110607,2388
2022091500,675
2022102302,2207
2022101600,1191
2022100205,282
2022102700,1248
2022091810,2943
2022092504,3017
2022103007,1706
2022092506,2602
2022100908,2513
2022092504,691
2022103012,1319
2022092504,2344
2022110605,1051
2022091103,1384
2022101700,3338
2022092509,320
2022091109,1309
2022091101,296
2022091101,521
2022100907,1793
2022100903,643
2022091108,150
2022100208,3142
2022103008,1294
2022100902,1894
2022092511,2157
2022091100,2720
2022102305,1189
2022091105,77
2022101700,2611
2022092511,1170
2022091102,2556
2022091806,3131
2022101602,1432
2022100901,1128
2022100202,2685
2022091200,1057
2022100908,480
2022110610,2268
2022092510,645
2022110300,2332
2022091107,3503
2022091901,2976
2022100210,3043
2022092512,2908
2022091200,3685
2022102306,1924
2022100207,877
2022101609,1827
2022100210,2735
2022092600,182
2022102000,3911
2022102700,2778
2022090800,3092
2022102302,2875
2022092509,1318
2022110603,420
2022103008,391
2022102304,2791
2022091806,274
2022100210,2136
2022091108,2724
2022100911,409
2022091806,2058
2022103010,1510
2022100901,2594
2022103003,456
2022101603,2578
2022103011,3689
2022101607,316
2022102310,4350
2022103100,2193
2022101608,1373
2022091802,2377
2022092510,2398
2022092501,1629
2022092507,721
2022101300,3257
2022100213,1574
2022110607,2193
2022100208,277
2022103008,651
2022103005,1324
2022103011,1256
2022103000,3788
2022092502,2755
2022091200,3596
2022102700,1835
2022100207,1692
2022101600,2300
2022101610,3793
2022103100,3189
2022101700,1358
2022101602,3745
2022092507,2487
2022091802,588
2022101602,2230
2022110700,2818
2022103002,956
2022100902,3439
2022100911,3539
2022102400,66
2022091107,230
2022102311,1772
2022092511,142
2022110608,315
2022091101,2783
2022100911,1823
2022103100,3573
2022102309,1052
2022100211,1372
2022091106,2429
2022092512,2760
2022102000,2140
2022101300,896
2022103006,3212
2022100904,3297
2022091105,1480
2022102311,2600
2022103010,2019
2022102307,1010
2022092504,3628
2022092504,896
2022110605,1203
2022092511,3688
2022091811,3491
2022101700,2823
2022102400,3027
2022100906,4218
2022110600,2832
2022100202,1851
2022110609,157
2022091200,601
2022103100,1689
2022103003,323
2022091106,175
2022091803,655
2022103000,2601
2022091901,787
2022100906,1680
2022101608,2609
2022100205,443
2022091200,2370
2022091800,1356
2022100912,3114
2022101700,3001
2022100912,1498
2022100911,3629
2022100905,860
2022091104,1094
2022092503,435
2022110604,466
2022091200,1164
2022090800,692
2022092509,124
2022103005,361
2022091811,206
2022091105,445
2022100213,81
2022100207,1102
2022092513,736
2022101611,464
2022100910,1348
2022100907,3546
2022103002,3774
2022100904,2268
2022090800,2572
2022100905,1179
2022091901,2428
2022100200,1570
2022110607,1919
2022102306,3468
2022102309,3307
2022103003,1711
2022102301,3548
2022092900,2622
2022103012,3435
2022110604,3681
2022102300,215
2022110609,4224
2022101611,3884
2022103011,3145
2022091102,3043
2022092508,3384
2022100205,1497
2022102305,782
2022091100,1672
2022110606,2281
2022090800,2755
2022100202,1324
2022100200,78
2022103100,2214
2022100902,1145
2022101603,1957
2022091110,3674
2022103012,2807
2022103004,1402
2022102304,2812
2022101603,2300
2022103007,2540
2022110601,2780
2022110601,349
2022100909,3033
2022110610,327
2022091500,1017
2022101608,1238
2022103000,447
2022101604,1457
2022092505,249
2022110608,907
2022092200,1735
2022103008,2644
2022102400,410
2022092600,3311
2022100300,892
2022092504,399
2022092511,2814
2022100907,3235
2022110601,1169
2022091802,174
2022100205,2875
2022100903,2245
2022101300,2589
2022092505,1853
2022103100,626
2022092501,417
2022100203,2292
2022092502,3398
2022100204,426
2022101601,2071
2022091804,1712
2022092513,466
2022091901,1890
2022100901,735
2022100208,1401
2022100206,56
2022103012,210
2022100904,438
2022101607,2245
2022090800,2958
2022100909,3337
2022091802,1670
2022103012,661
2022102309,2489
2022092500,3980
2022110603,2806
2022100205,87
2022110604,2186
2022092600,3448
2022103005,3102
2022091108,1089
2022090800,3190
2022091104,1115
2022103011,2270
2022102304,923
2022102306,111
2022110602,2970
2022091805,2292
2022092501,1764
2022091103,1610
2022102307,3893
2022100904,3585
2022091804,2094
2022100213,3645
2022103011,1895
2022091105,1613
2022100211,3078
2022101700,3861
2022092600,2834
2022091105,56
2022091800,1664
2022101300,3152
2022091802,880
2022091107,1236
2022091802,1646
2022100911,3650
2022110300,2761
2022100207,2422
2022102310,2606
2022091103,1228
2022100600,630
2022100909,2026
2022103005,1177
2022091101,2386
2022101000,3648
2022103001,3173
2022091100,1587
2022100202,988
2022092513,2794
2022091808,2670
2022091107,3443
2022102308,3071
2022100210,1735
2022103003,1530
2022102302,559
2022100300,3020
2022100210,168
2022102311,2415
2022100902,756
2022092507,2252
2022091500,3658
2022091102,2618
2022092508,2915
2022091500,1842
2022091809,2835
2022102400,1098
2022100204,1745
2022100203,347
2022091809,56
2022103005,4017
2022103010,2707
2022103100,98
2022091104,2537
2022100201,2105
2022110602,327
2022100600,3833
2022100200,2702
2022110603,2633
2022091108,1698
2022092501,155
2022100211,2970
2022091810,1168
2022102300,576
2022110604,2381
2022103003,3372
2022100209,3518
2022092506,4206
2022101300,2950
2022101605,2925
2022102303,230
2022103001,1028
2022110605,2309
2022090800,299
2022100202,3573
2022100212,1694
2022110600,1005
2022102304,1794
2022102301,3361
2022110608,2948
2022110610,3246
2022101606,3141
2022100900,2342
2022091901,1037
2022092506,2010
2022102302,2353
2022103012,3498
2022091806,3338
2022100912,1936
2022091105,3413
2022091111,3123
2022103000,3889
2022091806,3398
2022100209,3602
2022110300,695
2022091804,4190
2022102000,845
2022110608,1940
2022092900,2254
2022100900,2040
2022091807,1175
2022102305,2472
2022092506,3332
2022103001,1691
2022100906,2377
2022103003,1934
2022100913,1951
2022103011,1370
2022091108,347
2022091806,664
2022091805,367
2022100200,3989
2022100908,2582
2022100911,591
2022101602,475
2022100204,3183
2022091102,3315
2022110602,3471
2022101611,3124
2022110300,3538
2022092505,2019
2022101608,2910
2022101608,689
2022091805,797
2022103002,3989
2022100213,3288
2022101610,3293
2022102302,2582
2022092200,1187
2022101608,1578
2022100210,285
2022101602,2982
2022091901,3557
2022091103,4710
2022100212,370
2022110606,1625
2022091810,3054
2022103011,2179
2022103008,2668
2022102309,734
2022091200,2830
2022100911,727
2022101600,537
2022100909,1603
2022091810,3189
2022100211,547
2022092200,302
2022101000,1172
2022101700,4042
2022100207,1934
2022102306,1690
2022103001,850
2022100201,2492
2022092512,892
2022100211,579
2022100905,122
2022092513,3171
2022092511,3660
2022091807,3168
2022110610,2750
2022100912,2988
2022091809,2424
2022091107,3037
2022110606,1081
2022100211,819
2022091801,313
2022100201,2663
2022110603,1990
2022103005,2663
2022091809,1610
2022092510,1659
2022100908,1372
2022103100,521
2022100909,3643
2022103000,2556
2022101607,1082
2022091805,2592
2022091102,322
2022091110,2266
2022101600,3211
2022100203,3256
2022091113,1038
2022110700,80
2022091102,1700
2022101610,2533
2022110600,2245
2022110602,2493
2022100901,513
2022103005,2202
2022100202,2986
2022110606,447
2022110601,697
2022103009,1917
2022091801,3741
2022101300,1000
2022102000,1364
2022091112,2931
2022091809,1386
2022101601,3676
2022103003,3853
2022110609,1230
2022100906,517
2022102310,2007
2022101602,917
2022101602,705
2022110602,828
2022091111,2020
2022110603,3522
2022102300,56
2022091104,777
2022101300,2706
2022100203,2583
2022092502,1049
2022103004,2262
2022091801,2550
2022110601,2820
2022102309,2128
2022103006,3339
2022100200,3370
2022110609,318
2022090800,3283
2022102305,2373
2022091900,438
2022100600,4703
2022101610,3730
2022092506,3997
2022092508,298
2022100901,816
2022100207,1348
2022102304,171
2022101605,2418
2022091500,55
2022092501,3824
2022092506,3072
2022092500,2711
2022102311,686
2022101603,3688
2022103005,4443
2022103006,980
2022091105,2404
2022101300,3850
2022103001,3194
2022102307,3540
2022100909,2005
2022091811,550
2022100913,459
2022100905,101
2022100912,3207
2022091103,1648
2022091107,3527
2022110300,1091
2022100911,2337
2022102300,2471
2022102400,156
2022091801,271
2022102303,1040
2022110605,2048
2022101700,1647
2022102300,2215
2022092501,308
2022110300,2056
2022091105,101
2022092508,2473
2022100208,3298
2022091109,2872
2022092504,1052
2022100204,2980
2022091109,338
2022091806,253
2022102307,371
2022092508,2804
2022100202,3507
2022091112,2225
2022091111,3295
2022091812,2403
2022100902,3381
2022102308,1444
2022100913,3812
2022110609,239
2022092200,2230
2022100212,3477
2022100212,2709
2022102305,1927
2022092510,2215
2022092508,2300
2022091100,2159
2022100909,1144
2022091901,258
2022101609,1077
2022091108,2119
2022110600,2639
2022103012,2148
2022101607,3939
2022091810,4060
2022100300,1459
2022100904,2698
2022091110,673
2022103009,3125
2022091111,665
2022100201,1152
2022103100,237
2022100203,1723
2022101601,408
2022102300,2118
2022091809,2293
2022092600,1435
2022100300,3394
2022091500,3833
2022101611,1413
2022103000,228
2022100900,1587
2022091801,4046
2022100909,2945
2022100212,3597
2022101609,2732
2022103011,2104
2022103005,620
2022101601,1064
2022110609,2283
2022100210,1756
2022092508,3644
2022092507,1722
2022091901,2126
2022100906,1500
2022100900,830
2022100908,3809
2022092510,1388
2022091900,3692
2022110608,1120
2022101700,1441
2022100207,2708
2022091800,785
2022103003,2051
2022091113,2494
2022102307,1572
2022091805,823
2022100902,57
2022091800,1018
2022101700,817
2022101607,1922
2022100212,2952
2022103007,2240
2022110605,2766
2022100913,992
2022101610,1259
2022110600,2492
2022100904,874
2022101602,960
2022100907,768
2022091801,1112
2022092511,2433
2022091100,2512
2022100913,1344
2022091107,2113
2022091112,2072
2022091805,3424
2022102309,4237
2022091112,3029
2022110602,79
2022100600,3809
2022100905,1969
2022091900,137
2022091200,3048
2022110606,1656
2022090800,3145
2022102000,475
2022092509,1581
2022110700,2286
2022110608,684
2022110606,2554
2022092900,272
2022101600,3076
2022103000,858
2022092508,1929
2022102307,3054
2022100905,2051
2022101300,3173
2022091901,696
2022092512,1074
2022091111,2464
2022103004,525
2022100212,887
2022092501,3538
2022110609,2696
2022092511,1535
2022103008,3135
2022091802,2135
2022102306,762
2022100209,2584
2022101604,1222
2022092507,2776
2022091105,1050
2022091804,4294
2022101606,950
2022103012,2598
2022102308,499
2022091810,400
2022091102,3523
2022102300,2094
2022091104,4372
2022091807,818
2022102306,1432
2022092513,2705
2022091113,923
2022100212,2094
2022100201,383
2022092502,2170
2022102700,1941
2022102307,1245
2022100908,390
2022092507,3281
2022102311,3770
2022092502,1259
2022091101,748
2022092510,3406
2022091805,3540
2022110609,2922
2022091801,3082
2022100213,3217
2022092501,2490
2022100203,2143
2022103005,1788
2022110603,64
2022103100,791
2022110600,3796
2022103008,2742
2022091811,1875
2022102305,2160
2022102306,3133
2022110600,2782
2022100900,3273
2022103001,4183
2022091102,1794
2022092508,4243
2022091110,3071
2022100905,77
2022091100,522
2022102306,2090
2022091805,391
2022100203,1381
2022102700,942
2022092505,1368
2022101611,1957
2022103006,1112
2022103009,2406
2022110601,104
2022100206,917
2022102311,1223
2022092503,1720
2022101608,1981
2022100201,3338
2022110603,1473
2022103006,3170
2022091807,170
2022091802,497
2022091101,993
2022101000,723
2022100911,3289
2022091811,595
2022110603,3085
2022091803,474
2022101611,2434
2022110605,1104
2022092505,1252
2022101609,2525
2022092503,3594
2022101604,975
2022102305,844
2022100908,3830
2022100213,279
2022091809,969
2022092509,3616
2022110610,2771
2022103001,938
2022102308,1042
2022100908,2189
2022101601,592
2022100912,2190
2022091105,4373
2022100905,2209
2022092900,904
2022091110,3767
2022110604,1030
2022100213,3174
2022101000,3572
2022110602,788
2022091804,3526
2022100200,4017
2022092505,3307
2022100213,1531
2022102309,4143
2022100210,2951
2022091802,2516
2022100900,1669
2022103006,1261
2022092505,755
2022101602,1728
2022092513,2160
2022103010,1769
2022100906,156
2022092507,1836
2022102306,3189
2022092500,1550
2022100903,2974
2022101300,3231
2022091101,3923
2022110601,2084
2022091108,3177
2022100209,2537
2022101602,1707
2022103000,1837
2022100201,1129
2022092900,2720
2022102311,1366
2022101600,3420
2022103006,642
2022092501,3795
2022091113,3642
2022100905,1056
2022100208,1587
2022101605,56
2022100300,3418
2022102700,1438
2022102305,2251
2022103009,1443
2022103000,1745
2022101000,2979
2022101603,3643
2022102400,3164
2022091104,737
2022091804,627
2022100206,2340
2022091809,1739
2022091103,388
2022092503,2944
2022100913,3510
2022100204,2951
2022101700,2147
2022100211,1989
2022091109,1657
2022100207,2267
2022103001,1930
2022110300,729
2022091200,1028
2022092512,1754
2022100600,2400
2022101601,667
2022100908,767
2022091900,1507
2022103003,2985
2022101604,3198
2022100201,2922
2022110606,517
2022103009,3146
2022110604,78
2022091109,3523
2022101611,1389
2022092511,903
2022100902,1782
2022102309,4036
2022110602,3781
2022103004,781
2022100907,2611
2022110610,3860
2022101604,2339
2022101607,1347
2022100202,2934
2022103003,3574
2022110610,1508
2022103004,726
2022101603,3535
2022091111,1124
2022091812,2789
2022101607,602
2022103005,3969
2022100905,266
2022100211,200
2022101605,1862
2022102309,3510
2022091811,1602
2022102000,781
2022091104,369
2022101610,2439
2022101300,951
2022102301,2188
2022110608,3176
2022102308,1538
2022102309,1679
2022100906,870
2022102309,3722
2022100205,1960
2022101700,467
2022091113,3531
2022102305,3208
2022100904,3606
2022092200,214
2022103009,512
2022100907,665
2022101611,576
2022110607,354
2022092506,3096
2022091803,1787
2022110607,397
2022100908,3050
2022103001,3810
2022101700,3789
2022092511,2946
2022091810,2809
2022102400,3397
2022102000,2052
2022091800,426
2022103008,1857
2022100212,1395
2022091113,1718
2022110600,691
2022100911,127
2022091801,1183
2022091810,1800
2022091200,2750
2022103010,1246
2022103000,2813
2022091500,2707
2022101700,1583
2022101606,1156
2022090800,343
2022100206,638
2022091802,2238
2022100202,754
2022100211,2851
2022102306,3326
2022100908,574
2022092200,127
2022092512,120
2022100909,2883
2022110605,1700
2022103011,1038
2022102309,3066
2022100600,1069
2022102302,1955
2022100912,783
2022100210,3303
2022101602,3313
2022091900,3189
2022100210,306
2022103002,1223
2022100907,2871
2022102400,823
2022103005,163
2022110602,967
2022091810,592
2022100210,941
2022091102,3360
2022101605,832
2022110700,781
2022101602,432
2022110602,3144
2022101700,952
2022091108,1378
2022091108,1660
2022110602,1792
2022103100,389
2022091500,3224
2022100901,3909
2022101606,498
2022100903,2132
2022103012,3161
2022091105,4041
2022091500,3032
2022092600,537
2022101609,651
2022101603,3359
2022101608,3206
2022092502,1567
2022091100,679
2022091109,91
2022092502,3422
2022091111,3592
2022100910,379
2022100912,3591
2022100906,3699
2022110602,3680
2022091105,2544
2022100911,3175
2022092504,825
2022092505,2338
2022102301,3142
2022100600,3077
2022092505,3204
2022092505,2184
2022091109,4409
2022100906,367
2022100907,2013
2022091103,4154
2022103008,282
2022101603,3050
2022103000,2274
2022103009,1967
2022091109,1358
2022100204,1559
2022101600,1909
2022101606,1414
2022110605,3626
2022092504,3733
2022092500,1746
2022100600,1524
2022100906,1004
2022091901,1061
2022110609,2006
2022100206,1131
2022091809,630
2022101609,867
2022103011,2442
2022091901,1290
2022091106,859
2022091105,711
2022102306,3240
2022092511,3483
2022103010,2808
2022102305,2139
2022091105,3366
2022101000,2548
2022090800,3513
2022102300,101
2022091809,651
2022101700,1701
2022092506,3950
2022092503,671
2022092509,3337
2022100202,1393
2022100211,58
2022092505,3437
2022101700,1781
2022101609,537
2022091101,599
2022091111,499
2022091102,2373
2022103011,2125
2022091111,256
2022100902,2650
2022102306,3706
2022100906,2893
2022103011,2055
2022092900,171
2022092505,3133
2022101608,990
2022092900,732
2022103004,2511
2022110607,2333
2022101611,3490
2022092510,2583
2022101607,2311
2022101601,3276
2022100213,3815
2022091100,4307
2022092600,2179
2022091804,56
2022091106,3213
2022103004,1833
2022100202,1118
2022100300,2714
2022100211,2523
2022091900,3959
2022091801,1433
2022091802,56
2022101700,3905
2022103011,1321
2022100211,332
2022100901,1606
2022102311,2790
2022100212,711
2022103012,1039
2022091109,888
2022100201,2413
2022103009,721
2022110603,832
2022091801,3037
2022091112,573
2022100900,3109
2022091808,3583
2022103012,2482
2022101606,3416
2022100204,827
2022101605,1118
2022100902,3339
2022100201,1108
2022102311,514
2022110603,3689
2022100213,3460
2022091102,2717
2022102311,3042
2022110604,3340
2022101605,2995
2022110608,2327
2022091809,3307
2022101609,91
2022103004,1570
2022110300,3274
2022100207,787
2022091800,165
2022103100,2119
2022091102,3807
2022091801,598
2022091807,1241
2022100913,1227
2022100912,696
2022102301,1237
2022103008,1172
2022091101,2431
2022091900,901
2022110607,3202
2022101608,315
2022110600,2928
2022103010,1092
2022091200,688
2022102301,2071
2022091809,2069
2022102700,2480
2022103000,2670
2022102700,494
2022102400,1808
2022091809,1407
2022100208,3771
2022100210,2975
2022092509,645
2022103010,1748
2022101602,2759
2022091500,3536
2022102307,1203
2022101611,3145
2022100600,3282
2022100203,2046
2022100202,2373
2022103011,3418
2022102305,919
2022110609,3060
2022101606,2589
2022103009,2520
2022100204,3694
2022100201,1340
2022092509,1602
2022092506,696
2022100908,3996
2022092900,1915
2022110600,2569
2022091801,451
2022091101,3841
2022101605,1817
2022100913,2826
2022110602,103
2022100900,736
2022101605,771
2022101604,664
2022091806,929
2022091107,2530
2022091107,3398
2022091802,1055
2022100903,1346
2022091108,2473
2022091111,730
2022101609,3798
2022100211,526
2022092508,2825
2022103000,1509
2022100200,541
2022100300,3451
2022091111,2044
2022092510,2611
2022091104,4469
2022100904,2197
2022090800,2551
2022102400,3649
2022103003,3775
2022100909,149
2022100904,1432
2022110607,2731
2022091103,632
2022103002,2354
2022092504,2402
2022103007,1101
2022102700,3785
2022102307,347
2022092502,485
2022100901,647
2022100913,3010
2022091113,1059
2022092510,3464
2022101600,3441
2022100210,415
2022092600,2022
2022103010,3084
2022091110,2949
2022102700,2693
2022102307,1404
2022091102,2532
2022110602,3064
2022110607,3384
2022103008,57
2022110300,3435
2022103008,3306
2022091102,2966
2022110604,2162
2022092512,713
2022091807,1196
2022110608,2585
2022091801,1133
2022091106,2237
2022102301,344
2022091110,617
2022092501,1178
2022101608,878
2022103003,3832
2022103001,2992
2022101605,3044
2022102305,3350
2022110603,3572
2022110603,606
2022101700,602
2022091811,4345
2022091901,133
2022100903,286
2022092504,3799
2022110610,64
2022090800,818
2022092512,1985
2022100907,1699
2022102700,3527
2022101610,1629
2022091107,275
2022091803,2153
2022091104,844
2022092502,392
2022091101,3168
2022101608,1129
2022092900,3400
2022110605,247
2022100900,1162
2022100211,685
2022091111,1336
2022092504,2302
2022101606,1182
2022091803,3017
2022101603,2533
2022110604,1563
2022101000,768
2022092600,2260
2022100205,2356
2022100212,110
2022103011,321
2022103002,85
2022102300,367
2022102306,4016
2022091108,2426
2022100205,2065
2022091900,3024
2022103010,1855
2022092600,3125
2022100909,3814
2022100205,2625
2022103001,643
2022103000,3640
2022103007,2955
2022091103,82
2022100212,439
2022110604,1354
2022092200,1523
2022091807,756
2022092200,2740
2022092507,2910
2022110606,3274
2022091103,955
2022103007,3267
2022091107,469
2022100902,2357
2022100205,2314
2022101602,3570
2022100202,1613
2022110604,838
2022101611,3712
2022103011,1817
2022092504,2170
2022110608,360
2022092512,1278
2022091110,3185
2022110606,309
2022103001,2911
2022100912,1881
2022101604,2465
2022103000,3980
2022092503,212
2022091500,2530
2022100211,3729
2022092513,247
2022091109,3087
2022092501,3161
2022103003,3595
2022110601,1452
2022110610,4581
2022110606,736
2022091801,3557
2022101600,376
2022100905,1278
2022092513,1683
2022101609,205
2022103003,3172
2022090800,1967
2022100911,2608
2022091105,228
2022102400,3376
2022103006,3191
2022091809,3501
2022102700,4118
2022091800,3236
2022092900,2829
2022092500,1074
2022100205,1547
2022091101,489
2022110607,3454
2022092504,3192
2022110610,3742
2022101606,1369
2022091200,446
2022100908,106
2022110606,240
2022101606,1127
2022103005,2279
2022092505,1001
2022092505,1477
2022103100,3064
2022100912,2211
2022091811,162
2022091101,2365
2022110700,3602
2022091100,2595
2022101608,1079
2022101610,753
2022100211,2702
2022091804,3308
2022092508,1626
2022110604,1233
2022100904,2740
2022103009,3441
2022100909,1319
2022102311,1493
2022092900,1132
2022091802,3747
2022091105,1008
2022101608,578
2022091806,1719
2022102310,314
2022092506,274
2022103100,3213
2022102307,3695
2022110700,2582
2022092505,2072
2022100207,2530
2022091500,1511
2022103011,1916
2022102300,2450
2022103000,426
2022091102,3943
2022101601,2466
2022092513,2458
2022092507,334
2022100600,3314
2022110600,3454
2022091111,166
2022101607,3717
2022092501,3006
2022101600,1069
2022100900,2817
2022091809,1232
2022091804,252
2022100212,1419
2022101611,114
2022100200,1162
2022100906,1739
2022100206,281
2022103011,1391
2022091812,88
2022103001,2496
2022102311,1400
2022100212,1764
2022101611,3082
2022102700,3827
2022101610,420
2022091803,1038
2022091500,699
2022102306,1760
2022092507,2337
2022092502,549
2022100204,753
2022101603,479
2022103012,1162
2022102311,3117
2022092509,950
2022102303,1868
2022100210,735
2022102303,2369
2022101600,2922
2022091807,3338
2022102302,2079
2022101300,366
2022091107,3071
2022102300,2506
2022100901,2569
2022101000,78
2022101600,2601
2022103004,208
2022092513,2991
2022100300,799
2022102308,1489
2022102300,3446
2022102311,3609
2022100204,2539
2022100210,2254
2022101610,1280
2022092512,2687
2022100300,3821
2022100203,2739
2022100901,96
2022100900,2130
2022091104,2604
2022101601,2615
2022100600,2424
2022100204,4070
2022092510,3622
2022110600,984
2022101608,2322
2022091804,3388
2022103004,2782
2022100908,210
2022092508,990
2022091108,2615
2022100210,3169
2022101603,2656
2022092512,99
2022101300,1088
2022091811,748
2022103100,3697
2022101600,2789
2022090800,438
2022100904,277
2022110700,1298
2022102309,1759
2022103100,1237
2022091901,2912
2022092504,2873
2022110603,2349
2022110602,2368
2022100207,2506
2022102700,549
2022101605,3019
2022102306,2362
2022103004,1955
2022091812,2948
2022101300,477
2022100208,3654
2022103001,3084
2022092506,800
2022110604,2670
2022101300,3067
2022103100,2341
2022092508,2873
2022110606,2006
2022102307,264
2022091110,3983
2022102302,777
2022092503,2397
2022102307,3914
2022091100,3289
2022100905,515
2022091102,2783
2022091807,3431
2022101602,3623
2022092500,242
2022091803,219
2022102304,4412
2022091807,994
2022110605,2900
2022102306,1552
2022103002,3423
2022100905,679
2022092506,2701
2022102302,659
2022091103,1016
2022092512,2546
2022091104,2683
2022101609,1635
2022101609,1032
2022102309,4015
2022092510,2000
2022100201,1385
2022102307,989
2022103008,1742
2022100600,2991
2022103100,3111
2022092506,1743
2022091113,3173
2022103000,373
2022091805,3677
2022110601,2224
2022092513,3278
2022091900,856
2022102300,922
2022110608,777
2022103100,3360
2022110300,1298
2022091102,921
2022101604,2011
2022091901,2811
2022091105,3293
2022103001,1129
2022100210,567
2022091101,662
2022091100,996
2022100910,2481
2022103100,2286
2022100207,3117
2022101610,605
2022091805,3803
2022100209,3473
2022091106,2626
2022102300,1338
2022100900,2019
2022100207,1998
2022100202,245
2022092200,1686
2022100907,274
2022110700,929
2022101700,3068
2022110603,2978
2022103011,2537
2022101602,3683
2022110607,1230
2022101600,198
2022100904,2381
2022091101,361
2022100208,56
2022110602,1380
2022092900,3602
2022100907,1136
2022092600,977
2022102311,931
2022100905,3117
2022102300,3682
2022091801,1024
2022100906,2810
2022091104,1713
2022101611,834
2022091811,248
2022092501,1060
2022101300,3549
2022103002,1354
2022101609,2546
2022100904,113
2022110600,1288
2022091200,1129
2022102304,1481
2022101600,177
2022101610,1301
2022103012,2524
2022103004,2127
2022091800,3523
2022092500,1998
2022100202,2574
2022110300,2479
2022110609,2449
2022092900,1188
2022110700,3174
2022103002,2458
2022100206,1674
2022102308,1108
2022100300,2085
2022100905,2288
2022101602,2560
2022101700,155
2022110300,537
2022092507,1967
2022091806,57
2022100907,2294
2022102310,2486
2022091809,886
2022100913,2433
2022100300,2013
2022101607,3631
2022100209,1971
2022091809,2445
2022101601,4085
2022091801,2439
2022100211,2656
2022100904,161
2022091900,1549
2022101000,57
2022100201,1797
2022110603,3180
2022091805,2457
2022091105,1259
2022092600,2434
2022091108,371
2022091109,3773
2022102000,281
2022110300,2905
2022102302,2963
2022092508,255
2022101607,3548
2022102305,430
2022102308,1845
2022100210,1081
2022091811,883
2022091111,76
2022091804,2685
2022100200,2298
2022101607,2821
2022110605,1796
2022102304,547
2022091805,1402
2022101000,2688
2022100207,1517
2022101300,2730
2022100902,1846
2022110600,411
2022092504,2596
2022102310,3819
2022103011,2365
2022102309,161
2022100900,484
2022100300,2921
2022091809,2748
2022102311,1585
2022091811,2566
2022091805,3852
2022091810,3528
2022091801,3659
2022092900,615
2022101604,1110
2022110605,3861
2022103006,3291
2022091900,3917
2022100300,109
2022091101,3040
2022110600,545
2022102306,530
2022110601,2595
2022102307,917
2022101601,180
2022100913,2383
2022103010,2979
2022101611,3103
2022110601,556
2022101607,3652
2022091105,403
2022091113,3009
2022103009,2127
2022091110,3821
2022102304,2431
2022101000,2428
2022091812,2927
2022103004,328
2022101700,2727
2022092500,3791
2022100205,796
2022100600,515
2022092900,764
2022110607,304
2022092506,3163
2022101606,3027
2022092508,625
2022101700,2890
2022100903,2656
2022101602,2140
2022103002,56
2022100902,496
2022110608,193
2022110601,739
2022091810,2581
2022091109,3156
2022092512,3708
2022110600,3388
2022092503,3006
2022090800,1254
2022091107,254
2022100905,2233
2022091900,944
2022100903,1018
2022100901,1355
2022103010,2466
2022101603,325
2022100213,3134
2022091113,3237
2022091106,904
2022092501,1398
2022101000,1406
2022103100,2098
2022091106,1380
2022102301,868
2022092900,3527
2022091811,3673
2022091111,1925
2022103009,3022
2022102302,2285
2022091104,2007
2022103001,189
2022092504,779
2022091100,1303
2022101600,2471
2022110300,1277
2022100208,3420
2022102301,208
2022102307,1834
2022102302,2679
2022092500,334
2022091809,2614
2022103002,864
2022110603,2930
2022100906,1367
2022092900,3034
2022100908,976
2022110700,1004
2022092502,3180
2022101601,646
2022103009,55
2022092511,635
2022100204,3854
2022091806,208
2022091810,215
2022102304,3422
2022103002,620
2022101604,785
2022102301,759
2022101605,2750
2022092512,2942
2022100210,962
2022102305,2679
2022091803,3396
2022091812,724
2022091103,881
2022103003,395
2022091104,2641
2022110610,1440
2022100209,986
2022100911,1282
2022103006,3070
2022091811,2023
2022101000,3809
2022100213,3431
2022103005,3825
2022091103,2931
2022100906,2549
2022092507,2208
2022100600,1024
2022101300,3607
2022100903,149
2022101602,3444
2022091804,1741
2022100908,1721
2022110607,649
2022101601,1246
2022091106,1798
2022100913,79
2022092900,3630
2022091900,114
2022100204,1222
2022092508,559
2022100209,405
2022102300,2527
2022100203,1111
2022100905,2842
2022103010,404
2022101604,3533
2022110605,545
2022100200,2584
2022091200,2546
2022102000,454
2022101609,3996
2022101601,1769
2022101610,2768
2022092506,898
2022102301,3319
2022100900,2867
2022100202,1256
2022102310,571
2022110607,3157
2022101611,404
2022103004,402
2022101609,3944
2022092512,2594
2022091102,3859
2022101601,106
2022110609,3841
2022100209,675
2022100903,1367
2022102307,3840
2022091102,574
2022110608,753
2022091103,3527
2022100902,922
2022092501,1377
2022091811,2087
2022091107,2457
2022100211,3545
2022103001,3306
2022102700,3083
2022102303,974
2022091104,3980
2022092507,570
2022103002,1901
2022101000,1799
2022091103,1493
2022100207,186
2022091807,1642
2022103100,2473
2022101611,2842
2022100905,2142
2022102302,2463
2022101000,3148
2022100901,3622
2022102000,1083
2022102305,523
2022103010,2636
2022110602,348
2022100208,1327
2022100909,2539
2022091107,1618
2022102301,1410
2022091112,275
2022103007,700
2022103011,392
2022091809,3722
2022103012,3067
2022092511,2280
2022100211,2994
2022110607,2624
2022091500,3200
2022101700,4287
2022092506,1137
2022103011,278
2022100600,255
2022103009,1827
2022100203,392
2022091809,3245
2022103100,2515
2022092600,815
2022100913,721
2022091104,1736
2022110600,712
2022091807,80
2022102303,1721
2022091113,3263
2022091805,327
2022092501,2816
2022100902,1233
2022090800,2839
2022110608,3303
2022092502,1354
2022103005,714
2022103006,1393
2022101000,3625
2022100200,3579
2022092509,3295
2022110605,477
2022100201,2189
2022092510,3601
2022101609,1453
2022100300,992
2022092508,2523
2022090800,191
2022102301,365
2022092511,3061
2022092502,1301
2022091807,1483
2022103005,893
2022102309,2728
2022092200,56
2022091800,2626
2022100207,343
2022092508,3195
2022101604,1509
2022100904,495
2022110608,4083
2022101604,3756
2022100200,1383
2022092502,3105
2022100204,1022
2022103005,1041
2022101700,3939
2022092501,1221
2022100209,68
2022090800,2360
2022100902,3849
2022100212,3498
2022101000,2709
2022110610,2219
2022092512,2278
2022110606,2653
2022100908,1440
2022100908,459
2022110608,1767
2022102308,1231
2022091800,471
2022102400,2492
2022100201,3001
2022092513,3475
2022100211,1704
2022100911,682
2022102307,1063
2022102308,2710
2022110600,366
2022091103,3011
2022100900,2109
2022103004,1138
2022102307,408
2022102400,2187
2022102304,1249
2022110605,419
2022100202,2019
2022100212,949
2022091901,1156
2022100211,3987
2022110607,1121
2022101607,1127
2022101601,4304
2022100910,2036
2022102304,1087
2022110608,2131
2022100900,66
2022091108,3417
2022091110,4099
2022091113,803
2022101700,3837
2022100913,761
2022091109,1096
2022110604,1641
2022103011,371
2022100900,417
2022091900,1196
2022091802,203
2022103000,3128
2022091200,3077
2022091100,2878
2022102400,1396
2022110607,580
2022100905,143
2022091900,3753
2022102305,624
2022110608,2927
2022101300,589
2022091806,2103
2022103005,2076
2022110607,1166
2022110605,3394
2022091803,795
2022100900,3560
2022100200,1210
2022091806,78
2022092504,1549
2022092200,887
2022110600,220
2022103003,665
2022110608,1403
2022092501,3485
2022100904,63
2022091107,3742
2022101000,1731
2022100203,1268
2022103008,3928
2022100906,3863
2022092501,3182
2022091805,1317
2022100201,3604
2022100912,717
2022102307,2709
2022102310,389
2022100210,3575
2022100909,649
2022102307,3186
2022100903,1140
2022103001,4479
2022092600,683
2022100912,2045
2022103008,215
2022100905,437
2022100907,981
2022100900,2501
2022110700,1435
2022101610,3641
2022103007,2777
2022100201,2367
2022100909,3244
2022100906,771
2022100202,733
2022100903,1693
2022102306,2733
2022092501,2469
2022092513,2368
2022100209,3539
2022091112,2723
2022091804,1774
2022100213,3519
2022103001,1200
2022110609,3644
2022101605,3899
2022103000,2736
2022101603,1302
2022091806,3265
2022102700,2581
2022103007,1272
2022092512,2025
2022101000,2372
2022100600,752
2022100206,1653
2022100911,3671
2022101607,2773
2022100903,411
2022091108,3561
2022100202,323
2022091110,2978
2022102307,784
2022100203,3896
2022110608,3261
2022101603,3622
2022103011,1763
2022100912,508
2022092200,4085
2022100209,3000
2022102311,334
2022091102,900
2022101607,1656
2022110300,142
2022091803,3424
2022101602,496
2022092503,3660
2022091110,1959
2022102300,3136
2022092501,1719
2022091103,2955
2022091108,62
2022102311,3337
2022100600,1236
2022100902,3615
2022091102,4145
2022100200,2136
2022102304,3357
2022092510,2377
2022091810,3033
2022101300,2391
2022091106,1263
2022102400,217
2022091806,1470
2022091805,1973
2022101607,1421
2022110607,606
2022091901,64
2022091106,2767
2022092200,643
2022102302,1295
2022091101,2545
2022091103,4488
2022110605,884
2022103009,3326
2022091810,371
2022100904,2426
2022102310,4212
2022102302,604
2022110300,369
2022100902,2778
2022092505,188
2022103010,3215
2022100213,3033
2022092513,3925
2022092504,3884
2022103004,2947
2022100600,1683
2022103001,1370
2022101300,125
2022102301,2167
2022092503,600
2022103005,4352
2022091805,2481
2022091113,444
2022100205,4485
2022100209,3581
2022110603,2675
2022091806,2884
2022092600,3104
2022110607,697
2022091800,1233
2022100913,1602
2022100203,2067
2022110601,3309
2022090800,3636
2022100908,598
2022103005,599
2022092502,1859
2022091500,3966
2022102306,688
2022100907,3483
2022101608,3404
2022100207,612
2022091107,660
2022100208,1633
2022092512,2299
2022101603,372
2022091804,2066
2022092506,4018
2022091113,3577
2022103011,647
2022103011,2705
2022091103,2511
2022100209,2895
2022101600,261
2022100911,2682
2022091801,3295
2022103009,2079
2022100300,2276
2022091105,2742
2022101605,2322
2022100903,170
2022092507,2958
2022100912,2823
2022091111,818
2022100210,3214
2022110601,373
2022103100,1127
2022092509,1848
2022103100,1488
2022103001,304
2022102400,2260
2022091101,3510
2022101607,381
2022100912,529
2022103000,3501
2022092503,2202
2022091811,1031
2022103003,2157
2022092900,836
2022100209,785
2022102309,2548
2022100212,3082
2022091805,3445
2022100203,86
2022100907,850
2022102307,3674
2022110601,3330
2022110604,2583
2022103004,423
2022091100,3736
2022100909,779
2022102303,2786
2022103003,2465
2022091805,439
2022090800,1102
2022110610,306
2022103011,1465
2022103003,3550
2022100909,1653
2022092900,1749
2022103006,491
2022110607,940
2022100907,110
2022100908,3582
2022091805,1869
2022091107,1738
2022100913,3208
2022102303,78
2022091807,2272
2022092509,2117
2022091808,3502
2022102301,538
2022092502,910
2022100900,2172
2022102306,1274
2022091811,1076
2022100213,614
2022092509,1716
2022091807,2902
2022103007,259
2022103002,392
2022101603,2279
2022100911,530
2022110603,1117
2022101605,3717
2022100913,3531
2022110601,1539
2022092504,868
2022100903,2311
2022100208,3626
2022100207,507
2022103002,1593
2022100213,3666
2022091107,3601
2022092510,2324
2022103011,3717
2022091809,948
2022092500,454
2022102304,3336
2022091200,664
2022092506,2337
2022091802,3645
2022091808,586
2022100213,548
2022092503,700
2022101300,1541
2022103006,2998
2022092200,1544
2022100910,2896
2022102400,2938
2022110700,105
2022091811,3100
2022091102,1050
2022100908,704
2022100213,2660
2022102307,2602
2022100203,3282
2022092507,423
2022103010,3347
2022091104,4046
2022092503,2352
2022100211,4008
2022091200,565
2022091104,4448
2022103001,2679
2022091106,466
2022110606,2580
2022091110,195
2022091500,3903
2022100206,568
2022091806,2666
2022100209,764
2022110604,1519
2022091800,3502
2022091801,1711
2022101600,219
2022091110,1394
2022101600,1351
2022100906,3174
2022102303,712
2022101300,547
2022091805,3466
2022100203,3117
2022101000,3386
2022100902,322
2022110604,2909
2022101300,54
2022101611,1345
2022101000,181
2022092503,2916
2022101603,1151
2022091800,1401
2022100211,859
2022110610,423
2022092900,2354
2022091810,2785
2022101608,923
2022110610,857
2022103011,1728
2022101607,1368
2022091805,281
2022101607,360
2022100904,3150
2022102304,1633
2022091100,322
2022100211,3752
2022091811,1688
2022092200,489
2022091810,2221
2022110604,2710
2022091809,3753
2022092513,3610
2022100903,2533
2022102301,562
2022102305,865
2022092501,724
2022091804,2021
2022100204,3740
2022092501,134
2022100212,3274
2022100901,1748
2022101611,3417
2022110608,381
2022100901,3731
2022091805,1676
2022100206,3017
2022091109,3208
2022102306,2825
2022110602,852
2022110601,676
2022091110,1047
2022092511,248
2022100902,2902
2022100907,620
2022100200,780
2022101300,2541
2022092503,3639
2022092600,2874
2022091900,3434
2022103007,2296
2022091901,506
2022092513,1634
2022100906,322
2022101604,3779
2022102305,603
2022092509,365
2022110602,1686
2022101300,1021
2022091808,1702
2022092511,3278
2022101608,425
2022092513,3544
2022103009,1107
2022091800,666
2022102310,4065
2022102306,1061
2022091112,1260
2022100905,2736
2022110602,124
2022100210,4034
2022103005,838
2022091104,488
2022100912,1103
2022100902,2629
2022091104,2807
2022092200,2156
2022100205,4026
2022102309,1700
2022091901,2840
2022091106,1945
2022110700,1219
2022100201,3399
2022103100,3383
2022092510,284
2022110609,339
2022101608,646
2022091110,1418
2022103012,2440
2022091108,2027
2022102303,2741
2022110604,3660
2022092500,3512
2022092509,2873
2022103003,2964
2022100910,55
2022091112,1058
2022103003,2877
2022091105,2369
2022103008,3732
2022103012,2574
2022102301,3029
2022101300,2061
2022102309,1658
2022103010,2209
2022100911,1137
2022091805,2675
2022103009,1739
2022092506,4102
2022100202,614
2022092501,2606
2022091101,1826
2022102309,491
2022101602,3877
2022100911,2849
2022092504,4036
2022091103,1150
2022103002,890
2022110604,2843
2022091808,3269
2022101604,2121
2022091803,320
2022101607,56
2022101602,2702
2022091103,1968
2022102000,2220
2022092509,2894
2022100910,134
2022110603,132
2022103001,1221
2022091110,1908
2022110601,1027
2022102400,1452
2022100200,2341
2022101608,259
2022100210,3910
2022100912,1633
2022092510,603
2022091106,1218
2022110601,1518
2022102303,2536
2022103008,3653
2022101602,2937
2022091800,2650
2022110601,760
2022100211,3634
2022110300,750
2022091809,1014
2022091807,1374
2022091200,1409
2022091807,554
2022091900,2849
2022101603,138
2022102303,1019
2022100211,717
2022110606,1555
2022092200,3664
2022091104,288
2022091808,1515
2022100213,2899
2022110605,398
2022091811,455
2022103000,207
2022110605,174
2022091805,3880
2022100208,77
2022103002,1001
2022091112,2886
2022110605,2985
2022092500,3674
2022091100,2841
2022103006,3700
2022102306,975
2022101600,3528
2022101609,138
2022091113,2009
2022091809,2169
2022103007,962
2022110601,2437
2022101608,3348
2022101602,1169
2022100206,2519
2022092509,234
2022102400,2363
2022110609,2962
2022100910,550
2022091812,2328
2022101608,2301
2022101607,3524
2022110602,369
2022102300,288
2022101604,3129
2022102700,2165
2022092511,791
2022110700,378
2022100208,3163
2022110605,2628
2022100203,3449
2022092200,2695
2022102311,1932
2022103008,3594
2022090800,2934
2022091105,1093
2022102303,3159
2022100201,1409
2022103009,1869
2022100905,538
2022092500,968
2022110606,3229
2022100202,3236
2022100209,3175
2022091102,4102
2022100908,1343
2022091108,3342
2022092506,593
2022091112,2370
2022091102,2394
2022103005,121
2022100600,4400
2022091812,133
2022092509,2171
2022091808,3381
2022102301,442
2022102304,1197
2022091109,4474
2022103010,3194
2022100300,2034
2022110605,1224
2022092503,459
2022091807,1262
2022100207,3487
2022091108,2321
2022092513,226
2022091810,1677
2022101609,799
2022092504,2795
2022103006,198
2022091804,2371
2022091102,1406
2022091200,910
2022092506,2953
2022100203,1236
2022091500,776
2022101606,415
2022101700,1489
2022101605,2450
2022100201,3255
2022092500,1825
2022092509,741
2022103012,973
2022100202,366
2022092512,588
2022100909,2179
2022100906,594
2022103000,4030
2022100901,692
2022091901,3845
2022092513,1181
2022092511,1220
2022100904,1390
2022092513,410
2022101600,2008
2022103011,821
2022092600,593
2022091102,2511
2022091809,238
2022091104,128
2022101608,3085
2022103000,1173
2022100213,3081
2022100205,715
2022091810,1272
2022092508,1422
2022100208,973
2022103005,2040
2022091107,1144
2022091109,483
2022102306,82
2022092200,3200
2022101300,2631
2022091108,1483
2022100906,392
2022091812,2195
2022101604,573
2022100205,2533
2022103002,2270
2022100300,867
2022100906,1301
2022100907,1608
2022100911,3919
2022110606,760
2022101604,2921
2022110603,1085
2022100907,1058
2022102309,1813
2022103012,3359
2022100209,1740
2022092513,2062
2022091113,1080
2022101000,1703
2022102302,850
2022100212,3746
2022091800,3705
2022091102,3064
2022091810,2382
2022101700,4063
2022103002,427
2022091808,3335
2022091811,3449
2022091111,1006
2022100204,223
2022091803,3473
2022100213,368
2022102306,1210
2022091811,2262
2022103012,2310
2022100903,2016
2022101700,1136
2022103005,3538
2022100901,1654
2022092503,732
2022092200,440
2022100213,2548
2022100904,3413
2022092600,934
2022103006,1648
2022110607,132
2022100906,3654
2022100202,688
2022091805,3508
2022092900,3198
2022092507,1275
2022100905,2121
2022102310,335
2022102305,3135
2022091812,3277
2022103002,641
2022102300,943
2022110600,1913
2022102310,1057
2022091800,405
2022091102,2837
2022102311,3947
2022102300,2342
2022101609,4028
2022100212,3385
2022090800,2712
2022100207,2377
2022091808,2378
2022100209,201
2022102308,1753
2022091804,1174
2022092505,3154
2022091812,1086
2022102303,1243
2022091803,1154
2022102400,908
2022103000,805
2022103010,775
2022101607,1774
2022091804,1017
2022091807,1926
2022100204,533
2022102306,3921
2022100200,512
2022092510,748
2022091100,956
2022100201,3135
2022102300,3044
2022091802,2881
2022091200,2944
2022101609,952
2022100909,2818
2022092900,1085
2022100904,3693
2022102302,2942
2022091106,2116
2022110600,1497
2022092510,414
2022091802,269
2022110300,1340
2022092513,843
2022102304,902
2022110609,979
2022091812,1107
2022091108,947
2022091810,2532
2022091808,2308
2022100205,680
2022100913,1098
2022091500,538
2022102700,1528
2022101602,2383
2022103012,455
2022110609,701
2022103010,243
2022092504,620
2022101601,2956
2022100905,3072
2022091809,1189
2022101601,1109
2022101602,772
2022100903,265
2022091804,1126
2022091102,2281
2022110604,1670
2022101700,2260
2022100908,3516
2022091113,2283
2022110606,796
2022100200,1051
2022100203,1135
2022091810,2414
2022092900,2917
2022091803,1840
2022092508,2894
2022102308,769
2022110603,1146
2022100201,1552
2022091800,3137
2022102300,409
2022100907,1741
2022091112,3200
2022101605,401
2022102301,505
2022091801,4075
2022102304,3935
2022092513,1434
2022103001,2451
2022091900,168
2022103000,2649
2022102000,4068
2022091111,2089
2022091806,1119
2022100206,2632
2022090800,1187
2022102303,871
2022101700,3813
2022102311,2635
2022102302,2516
2022092510,3752
2022091100,783
2022100206,967
2022101600,2125
2022100905,1924
2022103005,100
2022103001,3218
2022102308,1510
2022101600,2146
2022101700,3394
2022092200,1348
2022091200,2188
2022103005,273
2022100902,3199
2022092509,432
2022110605,3126
2022103001,1777
2022100910,3922
2022091802,2430
2022103009,2676
2022101604,2890
2022103008,1026
2022091806,3222
2022091807,283
2022110604,3466
2022092200,3179
2022101603,2458
2022091900,3644
2022110608,1226
2022103008,1993
2022100909,280
2022103100,874
2022091109,4512
2022100210,2555
2022102305,3031
2022092509,148
2022103011,3204
2022091900,3487
2022091806,889
2022091105,2153
2022101605,2277
2022091805,1123
2022103010,506
2022100905,828
2022100201,1361
2022102700,641
2022092600,2638
2022091109,656
2022100209,3196
2022092500,3735
2022092504,3497
2022100903,3486
2022092600,617
2022100600,1611
2022101606,3228
2022110600,2358
2022102311,1063
2022103006,3239
2022102300,3487
2022092512,141
2022091100,2984
2022100904,2587
2022091102,2738
2022100906,177
2022102302,2261
2022110603,2168
2022110600,3409
2022100204,565
2022100212,3106
2022091806,388
2022103005,1683
2022100912,887
2022100907,2780
2022103002,2296
2022100210,189
2022102400,1142
2022091803,883
2022101611,3944
2022091108,3396
2022101607,2702
2022100200,1072
2022110610,2158
2022100208,3743
2022092511,3191
2022091110,913
2022101609,1884
2022103100,2051
2022101000,681
2022100210,3279
2022092504,2723
2022092200,3308
2022103002,1760
2022100204,447
2022091800,253
2022092502,570
2022092512,2049
2022100213,2341
2022092600,1839
2022100911,3699
2022110609,4313
2022103002,3206
2022102303,1362
2022092513,3128
2022092507,1363
2022100206,77
2022103010,62
2022100900,1252
2022091110,1494
2022092900,2233
2022091901,675
2022100200,2779
2022110605,2850
2022091808,512
2022091101,1101
2022100900,1183
2022100901,3830
2022101609,1174
2022092508,1369
2022091811,1733
2022100910,776
2022091109,1729
2022101605,560
2022101611,2280
2022092507,2811
2022100205,1018
2022091809,3362
2022102400,1853
2022101600,1563
2022100904,1271
2022101610,3521
2022091111,451
2022103004,2408
2022103005,3904
2022110602,612
2022102300,765
2022091105,3812
2022100904,3048
2022102000,3124
2022091900,2670
2022092512,3104
2022100209,3074
2022100207,3375
2022103007,842
2022092505,473
2022110607,758
2022091101,184
2022091811,2676
2022100904,3463
2022092504,3270
2022102308,382
2022091104,2190
2022091808,2601
2022090800,1358
2022100600,709
2022101611,383
2022110609,2328
2022110300,1208
2022102306,3763
2022102000,3437
2022092600,2977
2022100911,1012
2022092510,1817
2022091111,973
2022103009,3167
2022110700,2993
2022092501,1608
2022100201,655
2022100906,4159
2022091805,3824
2022100213,1652
2022100600,178
2022102305,3093
2022110610,1682
2022110606,1172
2022092501,225
2022090800,2506
2022103009,1198
2022100203,1773
2022110300,930
2022100905,1879
2022110606,2097
2022100203,2440
2022091100,301
2022100206,808
2022102400,887
2022091102,2945
2022091105,2345
2022100904,2719
2022110602,1546
2022102308,2464
2022101609,4169
2022091901,1335
2022100911,1179
2022103005,2990
2022092513,3709
2022091111,121
2022091809,398
2022091103,611
2022101603,3900
2022091802,3136
2022102309,182
2022100909,259
2022102305,264
2022092502,288
2022092900,150
2022091811,4222
2022092500,1571
2022092600,2158
2022103006,850
2022092509,513
2022092507,1815
2022102302,265
2022102309,1905
2022100910,3634
2022102301,1988
2022091101,417
2022100204,3641
2022091804,1609
2022092505,1600
2022100902,601
2022092505,327
2022091106,338
2022103005,451
2022091110,2677
2022091110,1163
2022103005,3254
2022092508,935
2022100905,1430
2022110600,3152
2022100912,2757
2022110610,1952
2022101606,3710
2022091801,2162
2022092600,1414
2022100900,1088
2022100202,137
2022102307,2107
2022102303,2472
2022100207,3072
2022091111,1172
2022101604,85
2022100212,842
2022100208,3605
2022100600,4152
2022102307,2053
2022102300,1912
2022103012,3477
2022091104,3821
2022100903,3327
2022110610,3090
2022091103,3147
2022091802,3241
2022103000,532
2022092502,2337
2022092508,1152
2022100907,3133
2022100208,3397
2022101700,1253
2022101300,3744
2022091101,2320
2022100908,683
2022100204,1982
2022100202,2263
2022100211,2502
2022100202,1235
2022100200,585
2022102300,2795
2022091107,2219
2022110604,1805
2022100910,4006
2022103100,2077
2022110601,3456
2022110300,121
2022091109,412
2022091801,2843
2022100903,709
2022091105,1194
2022100208,2543
2022110608,3218
2022091800,2034
2022100600,4532
2022100202,3621
2022091102,1928
2022101603,248
2022100913,692
2022091500,1693
2022091803,102
2022110608,1586
2022100201,1902
2022110608,2772
2022110606,2606
2022103011,1583
2022092507,2579
2022102400,3119
2022110600,194
2022101000,3601
2022100200,1231
2022092506,516
2022101300,1877
2022091806,3511
2022092900,3148
2022102000,2031
2022092512,3022
2022101300,104
2022091102,719
2022092501,1278
2022091802,3509
2022103010,1552
2022100912,2537
2022100903,3639
2022103012,931
2022102700,1290
2022091806,3030
2022091807,2396
2022091807,3569
2022100904,1139
2022100910,2250
2022091109,2579
2022091801,776
2022101700,4179
2022091810,3934
2022103004,894
2022091804,3126
2022092513,603
2022100204,3240
2022110300,2374
2022100208,1853
2022101609,2235
2022092508,2619
2022101608,380
2022091804,1630
2022101700,1043
2022100901,2247
2022091102,1907
2022092508,3665
2022092507,123
2022100912,3260
2022100300,1435
2022110603,353
2022092500,928
2022092502,2196
2022100910,621
2022092504,599
2022102300,170
2022091803,3268
2022110605,3078
2022091108,2867
2022110610,1257
2022092900,1111
2022091801,3151
2022091104,462
2022100200,1505
2022110607,440
2022103008,1454
2022102311,183
2022091804,531
2022101600,1418
2022092511,1890
2022092513,1259
2022100908,3659
2022103006,1722
2022103002,977
2022092512,3415
2022101610,584
2022091103,2611
2022092502,2379
2022091809,2769
2022091805,124
2022092511,2541
2022110602,2347
2022092508,1679
2022102301,1090
2022102309,1987
2022091805,203
2022110300,3470
2022102302,3225
2022091801,4255
2022110609,3448
2022101300,2287
2022091100,2555
2022092501,745
2022091806,706
2022091111,1819
2022101600,3036
2022092506,3724
2022102305,1425
2022103010,2934
2022091108,195
2022101606,2096
2022092510,149
2022100203,3079
2022110610,4407
2022091809,2487
2022092500,2239
2022110610,716
2022091806,950
2022091100,458
2022091110,1539
2022092508,1955
2022100901,320
2022101611,3216
2022091806,2905
2022100902,3465
2022110605,2447
2022092512,1526
2022103010,991
2022100903,2106
2022091108,3084
2022091100,2683
2022091102,1472
2022091103,319
2022103011,1277
2022101611,3061
2022091110,4056
2022103003,1609
2022091806,1442
2022101600,572
2022100211,2298
2022092508,3941
2022100206,1060
2022110609,3796
2022100903,2581
2022102000,101
2022101606,3249
2022100913,3579
2022091807,2666
2022102311,2253
2022101600,2765
2022101600,3475
2022090800,2884
2022102305,1303
2022100212,1840
2022100906,1948
2022102309,88
2022092500,3097
2022091901,1940
2022091500,76
2022110601,3217
2022110600,3598
2022091806,1140
2022100204,1538
2022100913,3600
2022100202,2165
2022100204,2481
2022101604,210
2022091105,4858
2022100213,3941
2022091805,2088
2022091803,3247
2022103100,3674
2022100200,1404
2022091809,2316
2022103008,3678
2022102304,2576
2022100903,2443
2022101700,3539
2022092512,1361
2022091101,3569
2022101300,3894
2022110608,3197
2022101608,128
2022103012,2355
2022100202,775
2022092507,1527
2022100211,1944
2022091803,1017
2022100212,1816
2022091802,2215
2022091900,3147
2022103100,1737
2022092501,612
2022110604,2951
2022092600,2662
2022091900,3875
2022110700,2612
2022101601,1019
2022103000,3809
2022100911,1200
2022092509,213
2022101607,2907
2022100213,2809
2022110604,2490
2022091809,1816
2022103009,555
2022090800,1757
2022100205,1243
2022103004,504
2022102310,3586
2022102307,3582
2022091800,2925
2022092511,3549
2022102306,438
2022100200,3699
2022091807,262
2022102307,2516
2022110606,1438
2022101603,1418
2022110609,3284
2022091801,755
2022091807,2375
2022102309,2008
2022091809,3939
2022100911,2421
2022091112,3246
2022103003,750
2022092504,575
2022100209,1581
2022103008,672
2022110610,1661
2022092506,2779
2022102302,680
2022091801,3680
2022091809,2814
2022101606,543
2022091900,1010
2022100905,1545
2022101610,3822
2022091812,1991
2022092501,2312
2022102400,3355
2022110300,2926
2022092512,1876
2022091800,1164
2022091100,2069
2022100201,1019
2022103012,637
2022102310,3175
2022102304,126
2022103007,3169
2022103100,1034
2022102310,3655
2022102304,3977
2022102400,1560
2022101611,671
2022100211,3613
2022091108,2377
2022102301,3166
2022101606,1784
2022091103,3680
2022110604,2009
2022101607,2138
2022101605,82
2022103009,1487
2022110606,2510
2022110300,2851
2022092512,415
2022102307,1383
2022110610,1574
2022091101,3707
2022100202,1142
2022110609,3187
2022100210,2462
2022102301,56
2022091104,3502
2022103006,874
2022091900,1137
2022101300,1198
2022102311,1908
2022100908,2766
2022110609,522
2022110601,2458
2022102300,3094
2022092510,1306
2022102400,3670
2022100209,3143
2022110300,1454
2022101605,2837
2022091805,182
2022100909,628
2022100900,2966
2022092503,3789
2022101300,1454
2022102308,361
2022110606,3295
2022101610,3136
2022103010,3000
2022102400,1280
2022092600,894
2022092505,1138
2022100300,2602
2022100208,605
2022091809,288
2022102700,3581
2022100206,3038
2022102311,2309
2022091801,2680
2022100211,1593
2022091803,2342
2022100913,3386
2022103009,202
2022091105,4352
2022101602,1520
2022100913,3791
2022110605,2288
2022103006,3318
2022102000,1489
2022091107,3163
2022100906,1927
2022110300,441
2022100912,402
2022092508,815
2022102303,2419
2022102310,1394
2022091801,2043
2022100206,1036
2022091808,3430
2022100903,1039
2022100904,3027
2022110605,1401
2022101610,1044
2022091805,2390
2022101611,3258
2022101300,1219
2022092200,601
2022091812,2831
2022103004,3082
2022110603,3636
2022110607,1512
2022091804,678
2022101606,1267
2022110609,1590
2022091901,3812
2022091800,1209
2022100903,3660
2022091801,1003
2022100906,131
2022102307,159
2022103001,1150
2022110602,678
2022091110,4030
2022092600,2731
2022092503,753
2022091113,2830
2022103006,2504
2022100902,3083
2022101300,270
2022091801,906
2022110608,221
2022103002,718
2022110608,2614
2022092501,2236
2022091108,3476
2022100901,1697
2022110603,1378
2022092513,202
2022091107,2049
2022100904,3273
2022101607,818
2022091901,2952
2022102000,2710
2022091500,3374
2022103004,2968
2022102000,2532
2022102400,3188
2022103001,2845
2022091900,1066
2022102309,1278
2022091801,405
2022101601,2344
2022100210,2275
2022103001,1349
2022092200,3135
2022092200,2355
2022101300,1347
2022092502,86
2022110600,498
2022101610,3248
2022102700,1203
2022091103,1589
2022100909,2734
2022100909,2794
2022100206,695
2022101602,1826
2022100300,3939
2022092502,2149
2022100905,216
2022101600,2426
2022100911,364
2022091107,202
2022091106,314
2022091111,694
2022100200,3826
2022101604,2422
2022101604,2169
2022102700,3806
2022102303,3209
2022092504,1275
2022091200,2923
2022102000,3939
2022100207,165
2022101610,2720
2022103011,917
2022100911,430
2022091200,2667
2022101600,2029
2022110607,153
2022091101,2501
2022110700,493
2022110600,3053
2022100909,3574
2022092510,1526
2022101700,2774
2022102306,2564
2022102303,1264
2022103008,746
2022091111,100
2022102301,709
2022101610,2131
2022100904,3252
2022092504,3109
2022091108,839
2022091812,405
2022091106,3361
2022091800,2098
2022102310,1439
2022102400,802
2022092513,1384
2022102400,196
2022101611,936
2022110600,3298
2022092511,3302
2022102400,1494
2022091113,3684
2022103011,3373
2022100911,2632
2022102304,2602
2022110604,2538
2022100901,1376
2022100213,1621
2022101606,1763
2022101611,1223
2022091804,1097
2022091801,2022
2022092500,3344
2022102700,3322
2022103011,2508
2022091500,2004
2022091105,2637
2022100205,2291
2022091810,3646
2022100208,2511
2022102301,2916
2022101607,1499
2022092506,2790
2022092513,1079
2022110610,1023
2022091104,4197
2022091811,2937
2022091801,63
2022102307,2333
2022103009,176
2022100903,2224
2022102300,3157
2022100900,3204
2022102305,1503
2022091805,1563
2022100208,209
2022102302,2124
2022102307,3286
2022092508,2963
2022101611,3522
2022092502,1594
2022091811,1796
2022102303,3019
2022102301,3340
2022101601,3448
2022092504,1765
2022091803,81
2022110602,1320
2022091807,2319
2022102000,1256
2022092500,3653
2022100901,1252
2022092200,722
2022110300,100
2022101300,675
2022100910,2994
2022091106,1425
2022102303,625
2022091111,2543
2022101603,4087
2022092507,3597
2022100207,3232
2022101608,2754
2022101603,662
2022101611,2781
2022092510,2846
2022103003,504
2022101700,2545
2022102301,413
2022102000,2357
2022091104,3148
2022091106,1966
2022102304,968
2022092500,3959
2022100910,3131
2022100905,886
2022103005,2478
2022100213,3892
2022110609,1524
2022091811,4201
2022100200,372
2022100208,1218
2022100211,1167
2022102309,2707
2022110606,2719
2022101603,3929
2022110601,3583
2022092507,889
2022102305,3529
2022101000,1451
2022100209,2694
2022102300,3592
2022100300,182
2022110700,2210
2022102400,2622
2022091104,1041
2022101601,3392
2022110601,1646
2022101609,2137
2022092600,1024
2022100905,1409
2022110607,2367
2022103007,65
2022103003,435
2022103007,1019
2022100213,2218
2022100911,2571
2022103003,3128
2022091804,2905
2022102302,3126
2022110300,465
2022110610,3445
2022103004,2241
2022091805,79
2022100902,3708
2022092507,3091
2022101607,3790
2022092510,1604
2022102311,1042
2022110603,718
2022091803,2321
2022103008,2585
2022102309,3167
2022110601,3538
2022100913,3712
2022103012,3046
2022110600,3032
2022110610,1485
2022100211,372
2022110602,3213
2022100207,1413
2022110602,1299
2022091807,1830
2022102307,2131
2022100207,1647
2022091800,492
2022110300,626
2022102309,713
2022101601,3371
2022110600,3654
2022110604,2469
2022110602,1497
2022100204,877
2022100912,1981
2022102400,2281
2022091101,850
2022103007,280
2022103011,3183
2022100913,2583
2022100906,3748
2022100207,1202
2022103007,3243
2022091811,1950
2022102310,1182
2022103001,4240
2022100909,1845
2022102303,667
2022091104,1962
2022102302,1102
2022092502,1156
2022091901,3536
2022100210,2531
2022103005,789
2022100909,1696
2022101700,788
2022103010,796
2022110606,1265
2022091802,1526
2022100912,2590
2022103006,1187
2022100903,2758
2022091809,3451
2022102700,3214
2022100906,1202
2022102304,3507
2022102311,3749
2022092504,989
2022102306,2989
2022091112,1501
2022101607,172
2022100905,3241
2022103000,553
2022091804,4065
2022091113,2933
2022091105,3482
2022091110,219
2022110601,2336
2022100200,3641
2022092600,3582
2022100207,392
2022091200,1185
2022100902,3220
2022091809,440
2022100902,2462
2022091805,718
2022101000,2588
2022100909,1786
2022092506,2132
2022091105,1742
2022092900,2643
2022100207,633
2022091102,3381
2022101000,3436
2022091105,1330
2022103001,4104
2022091106,2170
2022103010,1193
2022103003,2394
2022100906,4062
2022101605,853
2022091810,2626
2022101610,926
2022100201,200
2022100200,2975
2022092500,87
2022110608,1361
2022101611,600
2022092506,3612
2022091110,1312
2022110606,2847
2022110603,2738
2022100913,3187
2022091103,2719
2022091500,2046
2022110601,3562
2022092508,2570
2022100912,55
2022092508,839
2022110605,329
2022110603,1676
2022091103,295
2022091801,2716
2022110608,2679
2022100900,1433
2022100912,3446
2022103012,1298
2022100913,1451
2022101606,829
2022101300,3576
2022100909,486
2022110600,1461
2022091105,1542
2022100600,2612
2022102302,3421
2022103007,3086
2022110601,1048
2022103100,3254
2022091105,2616
2022091801,524
2022091113,1283
2022091803,3445
2022091109,563
2022091808,2420
2022091806,1515
2022102308,1583
2022102307,4003
2022091806,533
2022103004,2926
2022102310,896
2022092502,1469
2022102400,2701
2022091104,1660
2022102400,1301
2022100208,3565
2022101601,3255
2022091107,935
2022092506,741
2022102300,346
2022092600,1204
2022100206,359
2022110606,3463
2022091105,166
2022092510,2965
2022092510,1473
2022103006,3095
2022091101,382
2022100907,515
2022092900,2553
2022100901,193
2022102307,3942
2022110602,532
2022100212,573
2022102300,2937
2022103006,1549
2022100204,1379
2022100901,222
2022091811,3377
2022100913,2300
2022110300,1677
2022103004,56
2022091900,3671
2022091811,3515
2022101603,755
2022101611,509
2022103009,1532
2022090800,393
2022092506,974
2022090800,3431
2022103011,3601
2022101300,972
2022103000,3261
2022092512,78
2022100209,861
2022103003,1150
2022100202,1190
2022102310,2827
2022092508,3216
2022100600,1215
2022091104,3956
2022103011,707
2022100206,2090
2022092500,3413
2022102307,3357
2022110300,798
2022091109,1827
2022100905,3561
2022110601,3370
2022092503,2285
2022110700,3686
2022091810,99
2022100901,2642
2022091200,2479
2022092503,542
2022100910,875
2022110609,1646
2022091107,3115
2022100900,2650
2022091811,1456
2022092600,1578
2022110600,2017
2022092200,3439
2022091105,2697
2022100907,2546
2022091110,2609
2022091103,253
2022110602,1518
2022091200,64
2022092502,2314
2022092508,3893
2022091811,3169
2022091104,2662
2022100908,3561
2022092501,3274
2022091803,3104
2022101606,2610
2022100906,3432
2022091200,3553
2022103010,1971
2022101600,355
2022091811,2418
2022100212,2811
2022100907,3348
2022102301,2765
2022091806,1303
2022102300,454
2022091802,683
2022102301,1469
2022101606,2568
2022110607,2058
2022100910,642
2022100210,3705
2022100904,1203
2022101604,1478
2022091900,3732
2022092511,1310
2022100911,3196
2022091801,2972
2022110602,274
2022101607,3313
2022110606,1193
2022092512,1714
2022101609,2429
2022092200,2635
2022103007,1965
2022101602,1551
2022091100,807
2022102302,1392
2022102308,2268
2022102304,2916
2022100212,2790
2022100907,1034
2022101000,1614
2022091808,3547
2022091110,729
2022101611,3174
2022101602,1081
2022110602,1850
2022102304,1586
2022110700,3658
2022092502,182
2022092200,2252
2022091103,2315
2022100908,3320
2022102306,3397
2022091100,212
2022092500,1170
2022100211,3823
2022101605,1736
2022110603,2060
2022100210,3391
2022102300,3248
2022102307,1505
2022110604,3201
2022100600,2678
2022100912,3009
2022103001,3274
2022101610,2900
2022103009,1330
2022091500,2831
2022100907,3588
2022092900,2083
2022101611,3237
2022092900,3371
2022110610,2581
2022110608,67
2022092505,2867
2022091804,881
2022101603,453
2022091110,3357
2022092600,3469
2022100906,3807
2022101605,2608
2022100902,2542
2022091805,2696
2022091803,3200
2022100911,244
2022091811,3805
2022092507,812
2022103010,1222
2022102400,1473
2022091801,1626
2022091811,4519
2022092502,870
2022101700,1379
2022091802,618
2022092200,1756
2022102700,345
2022100206,1434
2022100905,2185
2022101607,1475
2022091901,936
2022110601,2269
2022100212,1025
2022110605,905
2022091106,3277
2022101608,2012
2022103004,3298
2022103010,1411
2022110605,2397
2022103001,2700
2022091101,251
2022100902,1656
2022103010,567
2022092200,3221
2022091101,1590
2022091100,2899
2022091104,2736
2022103010,1943
2022103001,2381
2022103003,1129
2022092507,2038
2022102307,3165
2022103001,757
2022100210,1234
2022091812,56
2022091811,2179
2022102400,2579
2022102000,3264
2022092507,1914
2022090800,646
2022100901,2952
2022100213,897
2022100208,2564
2022100208,2085
2022100300,2304
2022100212,3359
2022102305,1446
2022101610,499
2022100910,467
2022101603,3175
2022103005,79
2022092512,520
2022103000,779
2022100210,612
2022103012,2419
2022100205,1384
2022091801,2197
2022100908,725
2022102400,2558
2022102302,1050
2022092505,1067
2022101608,3297
2022091113,2890
2022092500,2790
2022101605,746
2022092504,3452
2022100600,90
2022092200,3007
2022101610,871
2022091810,1599
2022100201,1087
2022100911,2708
2022100912,3420
2022100201,2252
2022103008,3836
2022110600,524
2022101605,3482
2022102306,2667
2022092503,273
2022092506,1391
2022091108,1874
2022091804,2926
2022100910,2460
2022102307,838
2022110600,1440
2022110610,1719
2022100207,1223
2022100207,3459
2022091803,296
2022101000,1842
2022102306,2688
2022110601,2738
2022091809,1463
2022101610,3617
2022100205,3131
2022100905,56
2022091112,3492
2022092513,3814
2022091200,2292
2022092501,2049
2022091801,1783
2022091101,1901
2022091111,2901
2022091104,4313
2022092510,1274
2022103002,765
2022100902,2844
2022091809,2466
2022100902,3142
2022092506,3467
2022102300,3018
2022110700,1713
2022100907,2273
2022092503,2517
2022100911,3497
2022100204,56
2022092513,3842
2022100203,3568
2022101700,1725
2022092600,1284
2022092503,2607
2022092502,350
2022101611,2132
2022100208,3042
2022110607,1209
2022102305,2522
2022103006,757
2022091802,1327
2022103001,1851
2022091810,3435
2022100910,571
2022100202,567
2022091500,3708
2022103008,3551
2022100200,1338
2022091800,563
2022091111,3630
2022091104,3286
2022100903,886
2022091806,2323
2022100203,2419
2022110602,2638
2022091500,2025
2022110610,2792
2022091811,1754
2022102309,283
2022103003,1262
2022102304,2327
2022103009,2296
2022103011,63
2022103011,1505
2022091807,797
2022110601,242
2022100210,2317
2022100212,3725
2022090800,896
2022091103,3251
2022102302,1413
2022110600,3626
2022101601,3830
2022101607,2939
2022102306,1788
2022101300,498
2022100211,3449
2022092501,1356
2022102302,1570
2022091812,2727
2022101608,1828
2022110610,4450
2022091809,98
2022091110,2356
2022092503,3133
2022091500,1341
2022092512,1320
2022101606,3207
2022100204,2820
2022110604,245
2022091104,2974
2022100910,3711
2022103005,2730
2022102305,3156
2022100902,1299
2022100903,3419
2022100205,4315
2022092512,620
2022091106,3497
2022110700,2096
2022091200,1550
2022110605,3794
2022110608,663
2022100904,1748
2022110700,2064
2022100905,1200
2022091101,3221
2022091901,2321
2022110601,1391
2022100200,1707
2022092513,365
2022101300,1731
2022100905,287
2022100900,2888
2022092511,515
2022091102,3470
2022101609,4088
2022101700,2236
2022092501,287
2022110601,3245
2022110604,266
2022091900,3508
2022110600,1996
2022100902,2025
2022100912,908
2022091804,3355
2022091111,1440
2022101602,864
2022091100,2436
2022101608,1467
2022102302,202
2022102311,2232
2022091103,4175
2022101300,1428
2022091108,104
2022091105,358
2022091109,3986
2022100901,3475
2022100903,1161
2022092512,842
2022091805,1057
2022110600,2084
2022091101,3336
2022100909,2087
2022103100,1353
2022102304,147
2022091108,2098
2022092505,2580
2022100906,1104
2022102311,3096
2022091101,2683
2022101602,3166
2022101601,1500
2022091106,2384
2022091801,1589
2022103010,375
2022102310,3537
2022101700,1760
2022091100,3888
2022092508,1088
2022102000,1206
2022103009,3274
2022101601,2818
2022103006,2317
2022100903,3245
2022091807,2016
2022102307,763
2022100211,422
2022101602,56
2022101610,2624
2022091107,3933
2022110300,2782
2022103100,3406
2022103011,1298
2022091806,554
2022102000,3887
2022092900,2779
2022100903,730
2022101610,3751
2022103006,2607
2022103010,674
2022102305,2837
2022091100,2353
2022101610,129
2022110608,1621
2022091111,770
2022101604,3219
2022091804,378
2022100909,3674
2022091805,3046
2022102302,1215
2022092511,3137
2022100212,2238
2022091105,315
2022110605,3822
2022103001,3650
2022110607,2806
2022102307,1224
2022100204,123
2022091200,3467
2022102308,905